202406010101
202406010102
202406010103
202406010104
202406010105
202406010106
202406010107
202406010108
202406010109
202406010110
202406010111
202406010112
202406010201
202406010202
202406010203
202406010204
202406010205
202406010206
202406010207
202406010208
202406010209
202406010210
202406010211
202406010212
202406010301
202406010302
202406010303
202406010304
202406010305
202406010306
202406010307
202406010308
202406010309
202406010310
202406010311
202406010312
202406010401
202406010402
202406010403
202406010404
202406010405
202406010406
202406010407
202406010408
202406010409
202406010410
202406010411
202406010412
202406010501
202406010502
202406010503
202406010504
202406010505
202406010506
202406010507
202406010508
202406010509
202406010510
202406010511
202406010512
202406010601
202406010602
202406010603
202406010604
202406010605
202406010606
202406010607
202406010608
202406010609
202406010610
202406010611
202406010612
202406010701
202406010702
202406010703
202406010704
202406010705
202406010706
202406010707
202406010708
202406010709
202406010710
202406010711
202406010712
202406010801
202406010802
202406010803
202406010804
202406010805
202406010806
202406010807
202406010808
202406010809
202406010810
202406010811
202406010812
202406010901
202406010902
202406010903
202406010904
202406010905
202406010906
202406010907
202406010908
202406010909
202406010910
202406010911
202406010912
202406011001
202406011002
202406011003
202406011004
202406011005
202406011006
202406011007
202406011008
202406011009
202406011010
202406011011
202406011012
202406020101
202406020102
202406020103
202406020104
202406020105
202406020106
202406020107
202406020108
202406020109
202406020110
202406020111
202406020112
202406020201
202406020202
202406020203
202406020204
202406020205
202406020206
202406020207
202406020208
202406020209
202406020210
202406020211
202406020212
202406020301
202406020302
202406020303
202406020304
202406020305
202406020306
202406020307
202406020308
202406020309
202406020310
202406020311
202406020312
202406020401
202406020402
202406020403
202406020404
202406020405
202406020406
202406020407
202406020408
202406020409
202406020410
202406020411
202406020412
202406020501
202406020502
202406020503
202406020504
202406020505
202406020506
202406020507
202406020508
202406020509
202406020510
202406020511
202406020512
202406020601
202406020602
202406020603
202406020604
202406020605
202406020606
202406020607
202406020608
202406020609
202406020610
202406020611
202406020612
202406020701
202406020702
202406020703
202406020704
202406020705
202406020706
202406020707
202406020708
