202001040101
202001040102
202001040103
202001040104
202001040105
202001040106
202001040107
202001040108
202001040109
202001040110
202001040111
202001040112
202001040201
202001040202
202001040203
202001040204
202001040205
202001040206
202001040207
202001040208
202001040209
202001040210
202001040211
202001040212
202001040301
202001040302
202001040303
202001040304
202001040305
202001040306
202001040307
202001040308
202001040309
202001040310
202001040311
202001040312
202001040401
202001040402
202001040403
202001040404
202001040405
202001040406
202001040407
202001040408
202001040409
202001040410
202001040411
202001040412
202001040501
202001040502
201901050101
201901050102
201901050103
201901050104
201901050105
201901050106
201901050107
201901050108
201901050109
201901050110
201901050111
201901050112
201901050201
201901050202
201901050203
201901050204
201901050205
201901050206
201901050207
201901050208
201901050209
201901050210
201901050211
201901050212
201901050301
201901050302
201901050303
201901050304
201901050305
201901050306
201901050307
201901050308
201901050309
201901050310
201901050311
201901050312
201901050401
201901050402
201901050403
201901050404
201901050405
201901050406
201901050407
201901050408
201901050409
201901050410
201901050411
201901050412
201901050501
201901050502
201801060101
201801060102
201801060103
201801060104
201801060105
201801060106
201801060107
201801060108
201801060109
201801060110
201801060111
201801060112
201801060201
201801060202
201801060203
201801060204
201801060205
201801060206
201801060207
201801060208
201801060209
201801060210
201801060211
201801060212
201801060301
201801060302
201801060303
201801060304
201801060305
201801060306
201801060307
201801060308
201801060309
201801060310
201801060311
201801060312
201801060401
201801060402
201801060403
201801060404
201801060405
201801060406
201801060407
201801060408
201801060409
201801060410
201801060411
201801060412
201801060501
201801060502
201701010101
201701010102
201701010103
201701010104
201701010105
201701010106
201701010107
201701010108
201701010109
201701010110
201701010111
201701010112
201701010201
201701010202
201701010203
201701010204
201701010205
201701010206
201701010207
201701010208
201701010209
201701010210
201701010211
201701010212
201701010301
201701010302
201701010303
201701010304
201701010305
201701010306
201701010307
201701010308
201701010309
201701010310
201701010311
201701010312
201701010401
201701010402
201701010403
201701010404
201701010405
201701010406
201701010407
201701010408
201701010409
201701010410
201701010411
201701010412
201701010501
201701010502
201601020101
201601020102
201601020103
201601020104
201601020105
201601020106
201601020107
201601020108
201601020109
201601020110
201601020111
201601020112
201601020201
201601020202
201601020203
201601020204
201601020205
201601020206
201601020207
201601020208
201601020209
201601020210
201601020211
201601020212
201601020301
201601020302
201601020303
201601020304
201601020305
201601020306
201601020307
201601020308
201601020309
201601020310
201601020311
201601020312
201601020401
201601020402
201601020403
201601020404
201601020405
201601020406
201601020407
201601020408
201601020409
201601020410
201601020411
201601020412
201601020501
201601020502
201501030101
201501030102
201501030103
201501030104
201501030105
201501030106
201501030107
201501030108
201501030109
201501030110
201501030111
201501030112
201501030201
201501030202
201501030203
201501030204
201501030205
201501030206
201501030207
201501030208
201501030209
201501030210
201501030211
201501030212
201501030301
201501030302
201501030303
201501030304
201501030305
201501030306
201501030307
201501030308
201501030309
201501030310
201501030311
201501030312
201501030401
201501030402
201501030403
201501030404
201501030405
201501030406
201501030407
201501030408
201501030409
201501030410
201501030411
201501030412
201501030501
201501030502
201401040101
201401040102
201401040103
201401040104
201401040105
201401040106
201401040107
201401040108
201401040109
201401040110
201401040111
201401040112
201401040201
201401040202
201401040203
201401040204
201401040205
201401040206
201401040207
201401040208
201401040209
201401040210
201401040211
201401040212
201401040301
201401040302
201401040303
201401040304
201401040305
201401040306
201401040307
201401040308
201401040309
201401040310
201401040311
201401040312
201401040401
201401040402
201401040403
201401040404
201401040405
201401040406
201401040407
201401040408
201401040409
201401040410
201401040411
201401040412
201401040501
201401040502
