202401060101
202401060102
202401060103
202401060104
202401060105
202401060106
202401060107
202401060108
202401060109
202401060110
202401060111
202401060112
202401060201
202401060202
202401060203
202401060204
202401060205
202401060206
202401060207
202401060208
202401060209
202401060210
202401060211
202401060212
202401060301
202401060302
202401060303
202401060304
202401060305
202401060306
202401060307
202401060308
202401060309
202401060310
202401060311
202401060312
202401060401
202401060402
202401060403
202401060404
202401060405
202401060406
202401060407
202401060408
202401060409
202401060410
202401060411
202401060412
202401060501
202401060502
202401060503
202401060504
202401060505
202401060506
202401060507
202401060508
202401060509
202401060510
202401060511
202401060512
202401060601
202401060602
202401060603
202401060604
202401060605
202401060606
202401060607
202401060608
202401060609
202401060610
202401060611
202401060612
202401060701
202401060702
202401060703
202401060704
202401060705
202401060706
202401060707
202401060708
202401060709
202401060710
202401060711
202401060712
202401060801
202401060802
202401060803
202401060804
202401060805
202401060806
202401060807
202401060808
202401060809
202401060810
202401060811
202401060812
202401060901
202401060902
202401060903
202401060904
202301010101
202301010102
202301010103
202301010104
202301010105
202301010106
202301010107
202301010108
202301010109
202301010110
202301010111
202301010112
202301010201
202301010202
202301010203
202301010204
202301010205
202301010206
202301010207
202301010208
202301010209
202301010210
202301010211
202301010212
202301010301
202301010302
202301010303
202301010304
202301010305
202301010306
202301010307
202301010308
202301010309
202301010310
202301010311
202301010312
202301010401
202301010402
202301010403
202301010404
202301010405
202301010406
202301010407
202301010408
202301010409
202301010410
202301010411
202301010412
202301010501
202301010502
202301010503
202301010504
202301010505
202301010506
202301010507
202301010508
202301010509
202301010510
202301010511
202301010512
202301010601
202301010602
202301010603
202301010604
202301010605
202301010606
202301010607
202301010608
202301010609
202301010610
202301010611
202301010612
202301010701
202301010702
202301010703
202301010704
202301010705
202301010706
202301010707
202301010708
202301010709
202301010710
202301010711
202301010712
202301010801
202301010802
202301010803
202301010804
202301010805
202301010806
202301010807
202301010808
202301010809
202301010810
202301010811
202301010812
202301010901
202301010902
202301010903
202301010904
202201010101
202201010102
202201010103
202201010104
202201010105
202201010106
202201010107
202201010108
202201010109
202201010110
202201010111
202201010112
202201010201
202201010202
202201010203
202201010204
202201010205
202201010206
202201010207
202201010208
202201010209
202201010210
202201010211
202201010212
202201010301
202201010302
202201010303
202201010304
202201010305
202201010306
202201010307
202201010308
202201010309
202201010310
202201010311
202201010312
202201010401
202201010402
202201010403
202201010404
202201010405
202201010406
202201010407
202201010408
202201010409
202201010410
202201010411
202201010412
202201010501
202201010502
202201010503
202201010504
202201010505
202201010506
202201010507
202201010508
202201010509
202201010510
202201010511
202201010512
202201010601
202201010602
202201010603
202201010604
202201010605
202201010606
202201010607
202201010608
202201010609
202201010610
202201010611
202201010612
202201010701
202201010702
202201010703
202201010704
202201010705
202201010706
202201010707
202201010708
202201010709
202201010710
202201010711
202201010712
202201010801
202201010802
202201010803
202201010804
202201010805
202201010806
202201010807
202201010808
202201010809
202201010810
202201010811
202201010812
202201010901
202201010902
202201010903
202201010904
202101020101
202101020102
202101020103
202101020104
202101020105
202101020106
202101020107
202101020108
202101020109
202101020110
202101020111
202101020112
202101020201
202101020202
202101020203
202101020204
202101020205
202101020206
202101020207
202101020208
202101020209
202101020210
202101020211
202101020212
202101020301
202101020302
202101020303
202101020304
202101020305
202101020306
202101020307
202101020308
202101020309
202101020310
202101020311
202101020312
202101020401
202101020402
202101020403
202101020404
202101020405
202101020406
202101020407
202101020408
202101020409
202101020410
202101020411
202101020412
202101020501
202101020502
202101020503
202101020504
202101020505
202101020506
202101020507
202101020508
202101020509
202101020510
202101020511
202101020512
202101020601
202101020602
202101020603
202101020604
202101020605
202101020606
202101020607
202101020608
202101020609
202101020610
202101020611
202101020612
202101020701
202101020702
202101020703
202101020704
202101020705
202101020706
202101020707
202101020708
202101020709
202101020710
202101020711
202101020712
202101020801
202101020802
202101020803
202101020804
202101020805
202101020806
202101020807
202101020808
202101020809
202101020810
202101020811
202101020812
202101020901
202101020902
202101020903
202101020904
