202401060101
202401060102
202401060103
202401060104
202401060105
202401060106
202401060107
202401060108
202401060109
202401060110
202401060111
202401060112
202401060201
202401060202
202401060203
202401060204
202401060205
202401060206
202401060207
202401060208
202401060209
202401060210
202401060211
202401060212
202401060301
202401060302
202401060303
202401060304
202401060305
202401060306
202401060307
202401060308
202401060309
202401060310
202401060311
202401060312
202401060401
202401060402
202401060403
202401060404
202401060405
202401060406
202401060407
202401060408
202401060409
202401060410
202401060411
202401060412
202401060501
202401060502
202401060503
202401060504
202401060505
202401060506
202401060507
202401060508
202401060509
202401060510
202401060511
202401060512
202401060601
202401060602
202401060603
202401060604
202401060605
202401060606
202401060607
202401060608
202401060609
202401060610
202401060611
202401060612
202401060701
202401060702
202401060703
202401060704
202401060705
202401060706
202401060707
202401060708
202401060709
202401060710
202401060711
202401060712
202401060801
202401060802
202401060803
202401060804
202401060805
202401060806
202401060807
202401060808
202401060809
202401060810
202401060811
202401060812
202401060901
202401060902
202401060903
202401060904
202301010101
202301010102
202301010103
202301010104
202301010105
202301010106
202301010107
202301010108
202301010109
202301010110
202301010111
202301010112
202301010201
202301010202
202301010203
202301010204
202301010205
202301010206
202301010207
202301010208
202301010209
202301010210
202301010211
202301010212
202301010301
202301010302
202301010303
202301010304
202301010305
202301010306
202301010307
202301010308
202301010309
202301010310
202301010311
202301010312
202301010401
202301010402
202301010403
202301010404
202301010405
202301010406
202301010407
202301010408
202301010409
202301010410
202301010411
202301010412
202301010501
202301010502
202301010503
202301010504
202301010505
202301010506
202301010507
202301010508
202301010509
202301010510
202301010511
202301010512
202301010601
202301010602
202301010603
202301010604
202301010605
202301010606
202301010607
202301010608
202301010609
202301010610
202301010611
202301010612
202301010701
202301010702
202301010703
202301010704
202301010705
202301010706
202301010707
202301010708
202301010709
202301010710
202301010711
202301010712
202301010801
202301010802
202301010803
202301010804
202301010805
202301010806
202301010807
202301010808
202301010809
202301010810
202301010811
202301010812
202301010901
202301010902
202301010903
202301010904
202201010101
202201010102
202201010103
202201010104
202201010105
202201010106
202201010107
202201010108
202201010109
202201010110
202201010111
202201010112
202201010201
202201010202
202201010203
202201010204
202201010205
202201010206
202201010207
202201010208
202201010209
202201010210
202201010211
202201010212
202201010301
202201010302
202201010303
202201010304
202201010305
202201010306
202201010307
202201010308
202201010309
202201010310
202201010311
202201010312
202201010401
202201010402
202201010403
202201010404
202201010405
202201010406
202201010407
202201010408
202201010409
202201010410
202201010411
202201010412
202201010501
202201010502
202201010503
202201010504
202201010505
202201010506
202201010507
202201010508
202201010509
202201010510
202201010511
202201010512
202201010601
202201010602
202201010603
202201010604
202201010605
202201010606
202201010607
202201010608
202201010609
202201010610
202201010611
202201010612
202201010701
202201010702
202201010703
202201010704
202201010705
202201010706
202201010707
202201010708
202201010709
202201010710
202201010711
202201010712
202201010801
202201010802
202201010803
202201010804
202201010805
202201010806
202201010807
202201010808
202201010809
202201010810
202201010811
202201010812
202201010901
202201010902
202201010903
202201010904
202101020101
202101020102
202101020103
202101020104
202101020105
202101020106
202101020107
202101020108
202101020109
202101020110
202101020111
202101020112
202101020201
202101020202
202101020203
202101020204
202101020205
202101020206
202101020207
202101020208
202101020209
202101020210
202101020211
202101020212
202101020301
202101020302
202101020303
202101020304
202101020305
202101020306
202101020307
202101020308
202101020309
202101020310
202101020311
202101020312
202101020401
202101020402
202101020403
202101020404
202101020405
202101020406
202101020407
202101020408
202101020409
202101020410
202101020411
202101020412
202101020501
202101020502
202101020503
202101020504
202101020505
202101020506
202101020507
202101020508
202101020509
202101020510
202101020511
202101020512
202101020601
202101020602
202101020603
202101020604
202101020605
202101020606
202101020607
202101020608
202101020609
202101020610
202101020611
202101020612
202101020701
202101020702
202101020703
202101020704
202101020705
202101020706
202101020707
202101020708
202101020709
202101020710
202101020711
202101020712
202101020801
202101020802
202101020803
202101020804
202101020805
202101020806
202101020807
202101020808
202101020809
202101020810
202101020811
202101020812
202101020901
202101020902
202101020903
202101020904
202001040101
202001040102
202001040103
202001040104
202001040105
202001040106
202001040107
202001040108
202001040109
202001040110
202001040111
202001040112
202001040201
202001040202
202001040203
202001040204
202001040205
202001040206
202001040207
202001040208
202001040209
202001040210
202001040211
202001040212
202001040301
202001040302
202001040303
202001040304
202001040305
202001040306
202001040307
202001040308
202001040309
202001040310
202001040311
202001040312
202001040401
202001040402
202001040403
202001040404
202001040405
202001040406
202001040407
202001040408
202001040409
202001040410
202001040411
202001040412
202001040501
202001040502
201901050101
201901050102
201901050103
201901050104
201901050105
201901050106
201901050107
201901050108
201901050109
201901050110
201901050111
201901050112
201901050201
201901050202
201901050203
201901050204
201901050205
201901050206
201901050207
201901050208
201901050209
201901050210
201901050211
201901050212
201901050301
201901050302
201901050303
201901050304
201901050305
201901050306
201901050307
201901050308
201901050309
201901050310
201901050311
201901050312
201901050401
201901050402
201901050403
201901050404
201901050405
201901050406
201901050407
201901050408
201901050409
201901050410
201901050411
201901050412
201901050501
201901050502
201801060101
201801060102
201801060103
201801060104
201801060105
201801060106
201801060107
201801060108
201801060109
201801060110
201801060111
201801060112
201801060201
201801060202
201801060203
201801060204
201801060205
201801060206
201801060207
201801060208
201801060209
201801060210
201801060211
201801060212
201801060301
201801060302
201801060303
201801060304
201801060305
201801060306
201801060307
201801060308
201801060309
201801060310
201801060311
201801060312
201801060401
201801060402
201801060403
201801060404
201801060405
201801060406
201801060407
201801060408
201801060409
201801060410
201801060411
201801060412
201801060501
201801060502
201701010101
201701010102
201701010103
201701010104
201701010105
201701010106
201701010107
201701010108
201701010109
201701010110
201701010111
201701010112
201701010201
201701010202
201701010203
201701010204
201701010205
201701010206
201701010207
201701010208
201701010209
201701010210
201701010211
201701010212
201701010301
201701010302
201701010303
201701010304
201701010305
201701010306
201701010307
201701010308
201701010309
201701010310
201701010311
201701010312
201701010401
201701010402
201701010403
201701010404
201701010405
201701010406
201701010407
201701010408
201701010409
201701010410
201701010411
201701010412
201701010501
201701010502
201601020101
201601020102
201601020103
201601020104
201601020105
201601020106
201601020107
201601020108
201601020109
201601020110
201601020111
201601020112
201601020201
201601020202
201601020203
201601020204
201601020205
201601020206
201601020207
201601020208
201601020209
201601020210
201601020211
201601020212
201601020301
201601020302
201601020303
201601020304
201601020305
201601020306
201601020307
201601020308
201601020309
201601020310
201601020311
201601020312
201601020401
201601020402
201601020403
201601020404
201601020405
201601020406
201601020407
201601020408
201601020409
201601020410
201601020411
201601020412
201601020501
201601020502
201501030101
201501030102
201501030103
201501030104
201501030105
201501030106
201501030107
201501030108
201501030109
201501030110
201501030111
201501030112
201501030201
201501030202
201501030203
201501030204
201501030205
201501030206
201501030207
201501030208
201501030209
201501030210
201501030211
201501030212
201501030301
201501030302
201501030303
201501030304
201501030305
201501030306
201501030307
201501030308
201501030309
201501030310
201501030311
201501030312
201501030401
201501030402
201501030403
201501030404
201501030405
201501030406
201501030407
201501030408
201501030409
201501030410
201501030411
201501030412
201501030501
201501030502
201401040101
201401040102
201401040103
201401040104
201401040105
201401040106
201401040107
201401040108
201401040109
201401040110
201401040111
201401040112
201401040201
201401040202
201401040203
201401040204
201401040205
201401040206
201401040207
201401040208
201401040209
201401040210
201401040211
201401040212
201401040301
201401040302
201401040303
201401040304
201401040305
201401040306
201401040307
201401040308
201401040309
201401040310
201401040311
201401040312
201401040401
201401040402
201401040403
201401040404
201401040405
201401040406
201401040407
201401040408
201401040409
201401040410
201401040411
201401040412
201401040501
201401040502
