tree
version=v4
num_class=1
num_tree_per_iteration=1
label_index=0
max_feature_idx=28
objective=lambdarank
feature_names=distance venue_code horse_number weight popularity odds time_seconds age year jockey_win_rate jockey_top3_rate jockey_track_win_rate horse_win_rate horse_top3_rate horse_race_count horse_dist_win_rate field_size race_avg_odds popularity_rank month day_of_week track_type_encoded track_condition_encoded weather_encoded sex_encoded distance_category_encoded season_encoded track_combined_encoded time_weight
feature_infos=[1000:2600] [5:8] [1:18] [48:59] [31:57] [1.5:494.69999999999999] [54.200000000000003:170] [2:10] [2016:2024] [0:0.25] [0:0.53594771241830064] [0:1] [0:1] [0:1] [1:4] [0:1] [9:51] [14.919999999999998:97.474999999999994] [31:57] [2:4] [0:6] [0:1] [0:2] [0:2] [0:2] [0:3] [0:3] [0:12] [0.0034568035067264:1]
tree_sizes=777 912 1132 1041 1019 1108 721 1008 944 1308 1175 908 997 1026 1005 1138 1009 828 1363 1087 1282 1173 1190 722 1305 818 1431 999 996 1255 1269 1191 1215 1220 1372 1131 1009 926 1292 1202 1100 813 737 908 739 1123 710 822 1358 1391 1093 1006 1179 906 1422 1008 1232 1276 923 1279 759 756 1290 1271 970 914 1075 1081 938

Tree=0
num_leaves=7
num_cat=0
split_feature=5 4 4 2 5 5
split_gain=21.4446 5.50472 2.30046 0.918491 0.843512 0.363219
threshold=23.150000000000002 37.500000000000007 33.500000000000007 15.500000000000002 26.250000000000004 2.4500000000000006
decision_type=2 2 2 2 2 2
left_child=1 3 -2 5 -4 -1
right_child=2 -3 4 -5 -6 -7
leaf_value=0 0 0 0 0 0.0041726687789087188 -0.0053738669348248561
leaf_weight=1.5560428281314767 3.7021968201734152 2.8423027521930626 1.983700714539739 1.5528491984587152 24.055724655278027 22.792001691414043
leaf_count=14 82 42 38 23 366 503
internal_value=0 -0.00397132 0.00331601 -0.0049561 0.00390914 -0.00519764
internal_weight=58.4848 28.7432 29.7416 25.9009 26.0394 24.348
internal_count=1068 582 486 540 404 517
is_linear=0
shrinkage=0.0069078


Tree=1
num_leaves=8
num_cat=0
split_feature=18 5 27 9 18 9 7
split_gain=56.9981 18.1469 7.09462 6.42028 2.16184 1.79221 0.624932
threshold=37.500000000000007 76.750000000000014 1.0000000180025095e-35 0.10281902844198336 36.500000000000007 0.049515639589168957 5.5000000000000009
decision_type=2 2 2 2 2 2 2
left_child=1 3 5 4 -1 -3 -4
right_child=-2 2 6 -5 -6 -7 -8
leaf_value=-0.0043259174192282462 0.0063893094714331678 0.0039827327464299666 0 0 0 0 -0.0017290683942049613
leaf_weight=91.10158552788198 41.096464287489653 20.803010420873765 8.0352167040109652 21.810071596875787 15.819957515224813 8.5386720504611713 8.4325159415602666
leaf_count=584 104 59 16 145 96 34 30
internal_value=0 -0.00191253 0.00114856 -0.00326066 -0.00390795 0.00317971 -0.000939027
internal_weight=215.637 174.541 45.8094 128.732 106.922 29.3417 16.4677
internal_count=1068 964 139 825 680 93 46
is_linear=0
shrinkage=0.0069078


Tree=2
num_leaves=10
num_cat=0
split_feature=4 27 2 4 3 3 4 16 2
split_gain=51.9389 12.5579 9.14033 6.31774 6.50646 5.76179 6.19854 3.1918 0.696064
threshold=37.500000000000007 1.0000000180025095e-35 13.500000000000002 36.500000000000007 51.500000000000007 52.500000000000007 36.500000000000007 11.500000000000002 12.500000000000002
decision_type=2 2 2 2 2 2 2 2 2
left_child=1 2 5 4 -3 -1 8 -6 -7
right_child=-2 3 -4 -5 7 6 -8 -9 -10
leaf_value=0.00083563762116028268 0.0052534569414790788 0 0.0026673262635501 0 0 -0.0033042502674428998 0.00077033491403752862 -0.0075087953219095532 0
leaf_weight=13.071276940405367 53.321514079347253 3.9224136024713507 21.849250162020326 18.582209704443812 7.1222391575574866 64.516443595290184 4.5424576550722113 28.398299302905798 4.6515017710626116
leaf_count=50 104 13 90 109 22 405 10 235 30
internal_value=-7.15431e-06 -0.00207459 -0.000243141 -0.00448311 -0.00583174 -0.00152557 -0.00241436 -0.00663041 -0.00313759
internal_weight=219.978 166.656 108.631 58.0252 39.443 86.7817 73.7104 35.5205 69.1679
internal_count=1068 964 585 379 270 495 445 257 435
is_linear=0
shrinkage=0.0069078


Tree=3
num_leaves=9
num_cat=0
split_feature=5 4 5 9 4 9 17 17
split_gain=72.8624 38.2132 21.9531 5.09841 4.10068 3.67725 2.06384 1.36717
threshold=26.250000000000004 37.500000000000007 97.450000000000003 0.039736842105263161 38.500000000000007 0.10281902844198336 18.424166666666668 31.423589743589748
decision_type=2 2 2 2 2 2 2 2
left_child=1 6 4 -4 5 7 -1 -2
right_child=2 -3 3 -5 -6 -7 -8 -9
leaf_value=0 0 0.0029130108085608092 0 0.0070010869736041956 0.0034007919213883942 0.0017106164398239384 -0.0073582291248225334 -0.0018092810136797726
leaf_weight=3.9124852716922751 16.518157385289669 12.604483231902121 10.883454695343969 41.1663883253932 7.6748913675546637 13.674679543823002 65.598635418340564 44.890788912773132
leaf_count=13 63 44 35 75 13 45 572 208
internal_value=-5.59537e-05 -0.00502777 0.00285446 0.00602561 7.90832e-05 -0.000173143 -0.00708483 -0.00125729
internal_weight=216.924 82.1156 134.808 52.0498 82.7585 75.0836 69.5111 61.4089
internal_count=1068 629 439 110 329 316 585 271
is_linear=0
shrinkage=0.0069078


Tree=4
num_leaves=9
num_cat=0
split_feature=5 5 2 2 17 17 10 5
split_gain=76.096 13.982 9.66797 8.78004 6.15869 1.07861 1.0522 0.575076
threshold=26.250000000000004 97.450000000000003 7.5000000000000009 14.500000000000002 37.604084967320269 18.424166666666668 0.16064516129032258 47.150000000000013
decision_type=2 2 2 2 2 2 2 2
left_child=3 2 6 5 -4 -1 -2 -6
right_child=1 -3 4 -5 7 -7 -8 -9
leaf_value=0 0 0.0054852591823604611 0.0044692902337133298 0 0.00051023881041755196 -0.0060101909354398344 -0.0023152660645368887 -0.0011370366228521185
leaf_weight=3.9131009429693213 10.255157329142095 56.669823080301285 23.926153933629394 9.2192124556750041 11.725320369005205 67.743012141436338 21.136237226426601 7.961020214483141
leaf_count=13 48 110 58 49 53 567 112 58
internal_value=0 0.00307016 0.000432462 -0.00506151 0.00263317 -0.0058081 -0.00166171 0
internal_weight=212.549 131.674 75.0039 80.8753 43.6125 71.6561 31.3914 19.6863
internal_count=1068 439 329 629 169 580 160 111
is_linear=0
shrinkage=0.0069078


Tree=5
num_leaves=10
num_cat=0
split_feature=4 27 9 9 9 3 4 16 4
split_gain=56.1798 12.013 8.21941 14.3057 2.71301 2.66831 4.02724 3.65622 2.41372
threshold=37.500000000000007 1.0000000180025095e-35 0.017148526077097454 0.050633812847172707 0.10281902844198336 51.500000000000007 36.500000000000007 11.500000000000002 33.500000000000007
decision_type=2 2 2 2 2 2 2 2 2
left_child=1 2 -1 8 -5 -3 7 -7 -4
right_child=-2 5 3 4 -6 6 -8 -9 -10
leaf_value=-0.0037777613416182308 0.0056405251956689649 0 0 -0.0036696308630285684 0 0 0 -0.0073721589270821048 0.0034737499535843698
leaf_weight=18.449160063639283 49.586708441376686 4.4695656672120085 7.365726498886942 16.438636353239417 18.791497791185975 7.0732688456773749 16.911249592900276 25.323655962944031 40.242290951311588
leaf_count=147 104 20 52 130 106 22 102 235 150
internal_value=0 -0.00222746 -0.000330219 0.000352582 -0.00219837 -0.00467822 -0.00507367 -0.00639317 0.00290981
internal_weight=204.652 155.065 101.287 82.8382 35.2301 53.7777 49.3082 32.3969 47.608
internal_count=1068 964 585 438 236 379 359 257 202
is_linear=0
shrinkage=0.0069078


Tree=6
num_leaves=6
num_cat=0
split_feature=5 2 2 5 5
split_gain=76.2825 10.0806 9.26234 2.25505 0.277503
threshold=26.250000000000004 14.500000000000002 6.5000000000000009 120.10000000000001 47.850000000000001
decision_type=2 2 2 2 2
left_child=1 -1 3 4 -2
right_child=2 -3 -4 -5 -6
leaf_value=-0.0061124596533599571 -0.0014227953288658238 0 0.0043025847496658189 0.001836872240767094 0
leaf_weight=65.85181918181479 10.068248208612205 9.4489834196865541 86.19003738462925 15.254954382777212 15.881799433380364
leaf_count=580 68 49 266 31 74
internal_value=0 -0.00524187 0.00311194 0 -0.000853453
internal_weight=202.696 75.3008 127.395 41.205 25.95
internal_count=1068 629 439 173 142
is_linear=0
shrinkage=0.0069078


Tree=7
num_leaves=9
num_cat=0
split_feature=5 18 18 5 2 2 2 10
split_gain=66.3028 16.8595 14.192 7.47289 5.53801 3.39493 2.43162 2.34139
threshold=26.250000000000004 37.500000000000007 36.500000000000007 76.750000000000014 10.500000000000002 15.500000000000002 12.500000000000002 0.28078817733990152
decision_type=2 2 2 2 2 2 2 2
left_child=1 5 3 6 -5 -1 7 -2
right_child=2 -3 -4 4 -6 -7 -8 -9
leaf_value=-0.0068339383980449081 -0.0032295078275451005 0.00014009541093939953 0.0055769140417325502 0 0.004382216068701086 0 0 0
leaf_weight=54.873010441660881 19.261347901076082 11.36750891804695 49.017165303230286 21.672389406710863 20.439665444195271 4.3179920092225066 10.414114970713852 5.6092971786856642
leaf_count=560 137 44 105 86 38 25 46 27
internal_value=0 -0.00503707 0.00290492 0.000398698 0.00243115 -0.00643239 -0.00123619 -0.00232703
internal_weight=196.972 70.5585 126.414 77.3968 42.1121 59.191 35.2848 24.8706
internal_count=1068 629 439 334 124 585 210 164
is_linear=0
shrinkage=0.0069078


Tree=8
num_leaves=8
num_cat=0
split_feature=5 4 4 6 5 5 5
split_gain=52.3684 23.7974 15.0375 8.69238 1.01057 0.254704 0.2464
threshold=26.250000000000004 37.500000000000007 33.500000000000007 71.950000000000017 126.05000000000001 23.150000000000002 184.95000000000002
decision_type=2 2 2 2 2 2 2
left_child=1 5 4 6 -2 -1 -4
right_child=2 -3 3 -5 -6 -7 -8
leaf_value=-0.0066108684584870736 -0.0030139141256449445 0.0016905725962907958 -0.00044987255471853335 0.004367267212882428 0 0 0.00064694300093477079
leaf_weight=49.694126665592194 7.9418363794684392 11.530665606260298 20.031873729079965 98.204577311873436 3.4078407734632492 5.0094088204205027 4.9416151270270339
leaf_count=530 59 40 115 260 14 36 13
internal_value=6.58178e-05 -0.00443252 0.00266536 0.00351215 -0.00228193 -0.00633091 0
internal_weight=200.762 66.2342 134.528 123.178 11.3497 54.7035 24.9735
internal_count=1067 606 461 388 73 566 128
is_linear=0
shrinkage=0.0069078


Tree=9
num_leaves=12
num_cat=0
split_feature=18 2 3 18 6 6 17 10 10 20 17
split_gain=38.5298 6.0575 4.26493 5.76895 1.54752 2.35934 1.59041 0.828354 0.547689 0.542899 0.415983
threshold=37.500000000000007 13.500000000000002 51.500000000000007 36.500000000000007 119.85000000000001 121.30000000000003 75.9425339366516 0.23875968992248062 0.16987179487179482 1.5000000000000002 42.630000000000003
decision_type=2 2 2 2 2 2 2 2 2 2 2
left_child=1 2 10 4 6 -6 -4 8 -3 -5 -1
right_child=-2 7 3 9 5 -7 -8 -9 -10 -11 -12
leaf_value=0 0.0048273559802914133 0 -0.0040357462889417921 0.0012513798066839242 0.0012009550686032115 -0.0024264461729908071 0 0 0.001693474713435746 -2.7974408650426329e-06 0.0011576210165658691
leaf_weight=5.9734088443219644 52.193459592759609 5.2051091026514831 72.213202504441142 7.4674876183271399 8.3996564671397191 5.765216911211609 6.3362216949462882 4.4394189063459626 15.477706238627432 8.291708227246998 5.7366454750299454
leaf_count=28 113 33 554 26 25 69 41 38 59 65 16
internal_value=4.21044e-05 -0.00163193 -0.00231953 -0.00276541 -0.00339645 0 -0.00377405 0.00037284 0.00121984 0 0
internal_weight=197.499 145.306 120.184 108.473 92.7143 14.1649 78.5494 25.1222 20.6828 15.7592 11.7101
internal_count=1067 954 824 780 689 94 595 130 92 91 44
is_linear=0
shrinkage=0.0069078


Tree=10
num_leaves=11
num_cat=0
split_feature=18 9 9 2 2 2 9 18 17 9
split_gain=36.5488 6.44117 16.6123 3.37179 2.79152 2.32935 1.92738 1.15372 0.838992 1.0912
threshold=37.500000000000007 0.033520599250936305 0.050633812847172707 5.5000000000000009 13.500000000000002 14.500000000000002 0.045478036175710557 34.500000000000007 18.424166666666668 0.14651229273870783
decision_type=2 2 2 2 2 2 2 2 2 2
left_child=1 4 3 -3 -1 8 -2 -5 -4 -10
right_child=6 2 5 7 -6 -7 -8 -9 9 -11
leaf_value=-0.0043673426023906796 0 0 0 0 0 0 0.0056102209345581669 0.0036216727590732546 -0.0042128360927521594 0
leaf_weight=34.793620057404041 15.005048148334025 16.507097136229277 2.5919495224952689 12.445927791297434 7.8275899160653344 5.6302124746143809 36.54444894194603 25.077034309506416 34.193346928805113 4.0291771534830323
leaf_count=285 39 107 7 65 42 29 74 95 296 28
internal_value=1.73456e-05 -0.00162167 -0.000191049 0.00191746 -0.00368904 -0.00318916 0.00470823 0.00290376 -0.00368055 -0.0038904
internal_weight=194.645 143.096 100.475 54.0301 42.6212 46.4447 51.5495 37.523 40.8145 38.2225
internal_count=1067 954 627 267 327 360 113 160 331 324
is_linear=0
shrinkage=0.0069078


Tree=11
num_leaves=8
num_cat=0
split_feature=4 9 9 20 20 9 4
split_gain=35.0849 10.2423 16.401 3.74634 3.0814 2.15292 1.40681
threshold=37.500000000000007 0.033520599250936305 0.050633812847172707 2.5000000000000004 4.5000000000000009 0.045478036175710557 34.500000000000007
decision_type=2 2 2 2 2 2 2
left_child=1 -1 3 6 -4 -2 -3
right_child=5 2 4 -5 -6 -7 -8
leaf_value=-0.0040121476022587583 0 0 -0.0040598708779119317 0 0 0.0055510623786518727 0.0042746909950931731
leaf_weight=40.804175699129701 11.928432017564772 7.986201714724305 28.705796537920833 27.931578427553177 16.973643025383353 38.545828588306904 21.177694510668516
leaf_count=327 39 36 252 171 108 74 60
internal_value=0.000152309 -0.00143464 0 0.00215367 -0.00294749 0.00478714 0.00356388
internal_weight=194.053 143.579 102.775 57.0955 45.6794 50.4743 29.1639
internal_count=1067 954 627 267 360 113 96
is_linear=0
shrinkage=0.0069078


Tree=12
num_leaves=9
num_cat=0
split_feature=5 4 4 9 2 2 5 6
split_gain=48.6446 21.3003 13.3936 10.736 9.70751 4.87854 1.37284 0.754382
threshold=26.250000000000004 37.500000000000007 33.500000000000007 0.033520599250936305 5.5000000000000009 15.500000000000002 23.150000000000002 56.300000000000004
decision_type=2 2 2 2 2 2 2 2
left_child=1 5 7 -4 -5 6 -1 -2
right_child=2 -3 3 4 -6 -7 -8 -9
leaf_value=-0.0069901062477881219 0 0.001447807076362731 0 0 0.0057958748832457876 0 0 -0.0026219966420960119
leaf_weight=43.408734917640686 4.0525357611477357 11.847114063799379 27.379360996186733 22.304479129612446 67.574882466346025 4.4515564311295739 4.7063502129167309 6.7394132651388645
leaf_count=505 22 40 133 99 156 27 34 51
internal_value=0.000163225 -0.00419558 0.00274461 0.00355803 0.00461945 -0.00606327 -0.00661024 -0.00191329
internal_weight=192.464 64.4138 128.051 117.259 89.8794 52.5666 48.1151 10.7919
internal_count=1067 606 461 388 255 566 539 73
is_linear=0
shrinkage=0.0069078


Tree=13
num_leaves=9
num_cat=0
split_feature=5 4 4 2 2 5 5 6
split_gain=44.5329 20.0289 12.1224 7.393 4.20033 1.43133 0.716178 0.66766
threshold=26.250000000000004 37.500000000000007 33.500000000000007 5.5000000000000009 15.500000000000002 23.150000000000002 120.10000000000001 56.300000000000004
decision_type=2 2 2 2 2 2 2 2
left_child=1 4 7 6 5 -1 -4 -2
right_child=2 -3 3 -5 -6 -7 -8 -9
leaf_value=-0.0068798082801704054 0 0.0013085248656449981 -0.00057848147992464467 0.004273441307185666 0 0 0.0011317205632159393 -0.0025032151973337713
leaf_weight=41.686079207807779 3.9586043432354909 11.757434971630571 17.523707985877994 88.374408751726151 4.2739526741206637 4.6451762951910487 10.656799528747795 6.4432366266846657
leaf_count=505 22 40 111 250 27 34 27 51
internal_value=0.00011577 -0.00412209 0.00259184 0.00337013 -0.00597958 -0.00649083 0 -0.00183218
internal_weight=189.319 62.3626 126.957 116.555 50.6052 46.3313 28.1805 10.4018
internal_count=1067 606 461 388 566 539 138 73
is_linear=0
shrinkage=0.0069078


Tree=14
num_leaves=9
num_cat=0
split_feature=5 18 9 2 2 5 10 2
split_gain=41.2341 19.3595 10.8069 7.90785 3.71253 1.11378 1.05074 0.606877
threshold=26.250000000000004 37.500000000000007 0.033520599250936305 5.5000000000000009 15.500000000000002 23.150000000000002 0.28078817733990152 12.500000000000002
decision_type=2 2 2 2 2 2 2 2
left_child=1 4 7 -4 5 -1 -5 -2
right_child=2 -3 3 6 -6 -7 -8 -9
leaf_value=-0.0067162419714488419 -0.00096567167812483046 0.0013298914238772637 0 0.0050925646278268868 0 0 0 0
leaf_weight=40.067798970267177 22.099764863029126 11.652833744883536 23.577541925013065 60.963880049064755 4.1814865265041581 4.6536268629133692 10.681024625897406 8.5914496816694719
leaf_count=505 131 40 116 145 27 34 37 32
internal_value=0.000161371 -0.00397338 0.0025436 0.00364925 -0.00585337 -0.00634177 0.00467776 -5.32991e-05
internal_weight=186.469 60.5557 125.914 95.2224 48.9029 44.7214 71.6449 30.6912
internal_count=1067 606 461 298 566 539 182 163
is_linear=0
shrinkage=0.0069078


Tree=15
num_leaves=10
num_cat=0
split_feature=5 4 9 2 2 4 5 2 5
split_gain=38.8185 18.1005 10.1929 7.78856 3.5043 2.04403 1.31132 0.463552 0.431176
threshold=26.250000000000004 37.500000000000007 0.033520599250936305 5.5000000000000009 15.500000000000002 34.500000000000007 120.10000000000001 12.500000000000002 103.95000000000002
decision_type=2 2 2 2 2 2 2 2 2
left_child=1 4 7 6 -1 -5 -4 8 -2
right_child=2 -3 3 5 -6 -7 -8 -9 -10
leaf_value=-0.0062089150309583268 -0.0013004175312169458 0.0011915024863686627 -0.001135332271883401 2.2897402048863425e-06 0 0.0053420383239055867 0.001337485502803319 0 0
leaf_weight=43.627687139436603 16.194247679784901 11.684642538428305 13.070447254925968 18.289281448349357 4.1672133505344382 53.398799821734428 9.9461515843868238 8.5000360794365388 5.4472298696637145
leaf_count=539 104 40 91 63 27 119 25 32 27
internal_value=0.000165278 -0.00387667 0.00248549 0.00355783 -0.00572586 0.00456807 0 -3.16137e-05 -0.000849343
internal_weight=184.326 59.4795 124.846 94.7047 47.7949 71.6881 23.0166 30.1415 21.6415
internal_count=1067 606 461 298 566 182 116 163 131
is_linear=0
shrinkage=0.0069078


Tree=16
num_leaves=9
num_cat=0
split_feature=4 27 2 28 0 6 28 10
split_gain=27.0076 14.2295 5.84607 4.14554 2.92014 2.53532 1.28791 0.299946
threshold=36.500000000000007 1.0000000180025095e-35 11.500000000000002 0.0073247057969351012 1175.0000000000002 69.950000000000017 0.99621173576945232 0.26568627450980392
decision_type=2 2 2 2 2 2 2 2
left_child=1 2 4 -2 -1 -4 -6 -5
right_child=3 -3 5 7 6 -7 -8 -9
leaf_value=0 0 -0.0062521538460863692 0 0.0038171216027887067 -0.002762625779924352 0.0022863914412090754 0 0
leaf_weight=6.17581215314567 7.4352813381701699 24.086159411817789 5.3355461955070487 50.888356387615204 46.703118033707142 26.69229025579989 3.5188337098807088 7.0060867741703978
leaf_count=29 39 231 47 166 367 110 24 32
internal_value=-0.000104861 -0.00227488 -0.000350082 0.00298185 -0.00185341 0.00126716 -0.00247847 0.00358224
internal_weight=177.841 112.512 88.4256 65.3297 56.3978 32.0278 50.222 57.8944
internal_count=1045 808 577 237 420 157 391 198
is_linear=0
shrinkage=0.0069078


Tree=17
num_leaves=7
num_cat=0
split_feature=5 4 5 3 5 3
split_gain=33.7482 25.0878 3.50176 3.09979 2.17034 0.251749
threshold=93.700000000000017 36.500000000000007 48.150000000000013 50.500000000000007 12.400000000000002 56.500000000000007
decision_type=2 2 2 2 2 2
left_child=1 3 4 -1 -3 -2
right_child=5 2 -4 -5 -6 -7
leaf_value=0 0.0047166023473688735 0 -0.00026009526805858565 -0.004620730930960798 0.0029758953441562158 0
leaf_weight=2.794022385030984 36.830904174596071 8.3263423629105073 10.028585236519573 78.308762760832906 30.586122550070286 10.241294384002684
leaf_count=13 83 68 44 704 97 36
internal_value=-8.78556e-05 -0.00208121 0.00118796 -0.00436456 0.00227184 0.00423966
internal_weight=177.116 130.044 48.9411 81.1028 38.9125 47.0722
internal_count=1045 926 209 717 165 119
is_linear=0
shrinkage=0.0069078


Tree=18
num_leaves=13
num_cat=0
split_feature=5 4 2 3 5 2 5 9 9 9 5 9
split_gain=30.4854 24.3509 4.16194 3.68075 3.20429 4.44954 2.10859 1.67937 1.69998 1.45344 1.04675 0.38146
threshold=93.700000000000017 36.500000000000007 15.500000000000002 50.500000000000007 48.150000000000013 4.5000000000000009 26.250000000000004 0.025167084377610654 0.049515639589168957 0.07669789227166271 40.650000000000013 0.12258191867350966
decision_type=2 2 2 2 2 2 2 2 2 2 2 2
left_child=1 2 3 -1 5 -3 11 -2 -9 -7 -8 -5
right_child=7 4 -4 6 -6 9 10 8 -10 -11 -12 -13
leaf_value=0 0 0 0 -0.0070743781389750633 -8.2868738207523284e-06 0.0038120410566993791 0 0.0054689450749364132 0 0 -0.0022752080321512646 0
leaf_weight=2.6320448219776145 7.4797136336565009 5.5371411927044383 6.3885014355182639 30.605013513937593 9.8460840582847577 27.326045721769333 17.586321648210287 27.906937494874001 11.625159874558447 6.5319988541305056 16.907507915049791 5.9114193562418214
leaf_count=12 32 45 31 402 44 92 88 51 36 28 124 60
internal_value=-1.30329e-06 -0.00191966 -0.00420741 -0.00463362 0.0012723 0.00225877 -0.00493651 0.00410443 0.00459209 0.00327191 -0.00139309 -0.00656952
internal_weight=176.284 129.272 80.0308 73.6423 49.2413 39.3952 71.0103 47.0118 39.5321 33.858 34.4938 36.5164
internal_count=1045 926 717 686 209 165 674 119 87 120 212 462
is_linear=0
shrinkage=0.0069078


Tree=19
num_leaves=10
num_cat=0
split_feature=4 2 3 3 4 0 28 0 28
split_gain=24.8072 8.67831 5.82421 5.51699 3.7124 2.76514 1.78247 0.949675 0.250729
threshold=36.500000000000007 12.500000000000002 55.500000000000007 52.500000000000007 38.500000000000007 1075.0000000000002 0.99621173576945232 1300.0000000000002 0.058683090564384553
decision_type=2 2 2 2 2 2 2 2 2
left_child=1 3 -2 -1 -4 -5 -7 -3 -9
right_child=2 7 4 5 -6 6 -8 8 -10
leaf_value=0 0.0042967531696032285 0 -0.0016269162909293144 0 0.0025308186882842848 -0.0045695458524150565 0 0 0.0017563680826685447
leaf_weight=12.569687802344559 41.149382758885622 11.158401342108847 15.693799447268249 4.181874005123972 8.3459721952676755 59.334453482180834 3.6851373352110377 8.8717511463910359 9.5953583400696498
leaf_count=64 121 78 98 26 18 533 27 43 37
internal_value=0 -0.00212386 0.00295696 -0.00326684 0 -0.00398525 -0.00431667 9.04096e-05 0.00128717
internal_weight=174.586 109.397 65.1892 79.7712 24.0398 67.2015 63.0196 29.6255 18.4671
internal_count=1045 808 237 650 116 586 560 158 80
is_linear=0
shrinkage=0.0069078


Tree=20
num_leaves=12
num_cat=0
split_feature=5 2 6 0 5 9 5 9 5 9 5
split_gain=28.7654 11.8898 4.9436 3.51533 2.50226 2.07955 4.05433 1.81232 1.05272 0.909004 0.549864
threshold=93.700000000000017 12.500000000000002 71.350000000000009 1175.0000000000002 8.1500000000000004 0.10495716034271721 40.050000000000004 0.025167084377610654 48.150000000000013 0.051064754454584908 40.050000000000004
decision_type=2 2 2 2 2 2 2 2 2 2 2
left_child=1 3 -3 -1 -4 6 -5 -2 -8 -9 -6
right_child=7 2 4 5 10 -7 8 9 -10 -11 -12
leaf_value=0 0 -0.0015091401871725053 0 -0.005344175290093677 0.0038256714523582087 0 6.3811757680660837e-05 0.0051940693994589606 -0.0014690898912566592 0 0
leaf_weight=7.1997881103307 7.2972723059356204 7.1918615084141484 4.2478589080274132 43.02348724193871 15.936746519058945 19.368282232433558 8.6628675609827059 28.759174607694149 14.166277196258305 9.7938966974616033 8.0346008762717229
leaf_count=41 32 67 39 446 49 132 31 56 87 31 34
internal_value=-2.6422e-06 -0.00187586 0.000696596 -0.00318178 0.00243117 -0.00356028 -0.0041565 0.00402733 0 0.00452991 0.00320678
internal_weight=173.682 127.832 35.4111 92.4207 28.2192 85.2209 65.8526 45.8503 22.8291 38.5531 23.9713
internal_count=1045 926 189 737 122 696 564 119 118 87 83
is_linear=0
shrinkage=0.0069078


Tree=21
num_leaves=11
num_cat=0
split_feature=18 2 3 3 18 6 10 28 10 10
split_gain=22.6728 7.83133 5.81938 4.7433 3.9533 3.42769 3.08176 2.70423 1.26256 3.7881
threshold=36.500000000000007 13.500000000000002 55.500000000000007 52.500000000000007 38.500000000000007 56.300000000000004 0.33780760626398215 0.99621173576945232 0.22401433691756273 0.17846085802742148
decision_type=2 2 2 2 2 2 2 2 2 2
left_child=1 3 -2 -1 -4 -5 7 -7 9 -3
right_child=2 8 4 5 -6 6 -8 -9 -10 -11
leaf_value=0 0.0042060894237956684 0 -0.0017611967993418753 0 0.0025327406056315483 -0.0049016172038456787 0 0 0 0.0032939380955788787
leaf_weight=12.384088521823285 40.462122067809105 6.0151733979582849 15.422108460217716 4.1215640157461158 8.4861108660697919 54.229180544614792 9.3923728037625533 3.2993979081511489 5.3947122432291499 13.315250266343353
leaf_count=68 121 44 98 24 18 507 69 23 37 36
internal_value=0 -0.00203025 0.00285508 -0.00304016 0 -0.00367373 -0.00404728 -0.00457146 0.000239337 0.00147955
internal_weight=172.522 108.152 64.3703 83.4266 23.9082 71.0425 66.921 57.5286 24.7251 19.3304
internal_count=1045 808 237 691 116 623 599 530 117 80
is_linear=0
shrinkage=0.0069078


Tree=22
num_leaves=11
num_cat=0
split_feature=5 4 0 2 4 6 5 9 5 9
split_gain=28.7222 21.8367 5.26642 4.19317 2.50567 3.72571 1.75075 1.45126 1.40561 0.444926
threshold=93.700000000000017 36.500000000000007 1650.0000000000002 15.500000000000002 38.500000000000007 107.05000000000001 26.250000000000004 0.025167084377610654 47.400000000000006 0.051064754454584908
decision_type=2 2 2 2 2 2 2 2 2 2
left_child=1 3 -3 6 5 -4 -1 -2 -8 -9
right_child=7 2 4 -5 -6 -7 8 9 -10 -11
leaf_value=-0.0059856520875290241 0 0.0036998815960818934 -0.0035540221709193468 0 0.0016963060813444863 0 0 0.005187846430827538 -0.0024042506802211651 0
leaf_weight=36.764779580757022 7.5523156858980647 15.160324133932589 10.697989953681828 6.7621796391904345 7.4615473970770827 14.796604275703428 21.619824018329382 28.17856902629137 13.111537005752323 9.5388284586369974
leaf_count=466 32 51 79 31 20 59 116 56 104 31
internal_value=0 -0.00183962 0.00118616 -0.00403219 0 -0.00144296 -0.00448402 0.00409691 -0.00118176 0.0045797
internal_weight=171.644 126.375 48.1165 78.2583 32.9561 25.4946 71.4961 45.2697 34.7314 37.7174
internal_count=1045 926 209 717 158 138 686 119 220 87
is_linear=0
shrinkage=0.0069078


Tree=23
num_leaves=6
num_cat=0
split_feature=4 28 16 16 28
split_gain=21.5733 2.84006 2.35458 0.542453 0.529207
threshold=36.500000000000007 0.0073247057969351012 34.000000000000007 15.500000000000002 0.99621173576945232
decision_type=2 2 2 2 2
left_child=2 -2 4 -3 -1
right_child=1 3 -4 -5 -6
leaf_value=-0.0024548086821552036 0 0.00060834046424552155 0 0.0046483915079176428 0
leaf_weight=89.868436817079782 7.585931407287716 31.814068682491779 12.919213648885487 24.110152345150709 3.6033565495163193
leaf_count=683 39 136 97 62 28
internal_value=0 0.00280422 -0.001993 0.00329642 -0.00235968
internal_weight=169.901 63.5102 106.391 55.9242 93.4718
internal_count=1045 237 808 198 711
is_linear=0
shrinkage=0.0069078


Tree=24
num_leaves=12
num_cat=0
split_feature=4 9 9 10 2 28 28 3 28 9 2
split_gain=20.6773 5.73177 8.83096 4.95018 4.27165 3.84104 3.07161 1.76765 1.36943 0.562642 0.379866
threshold=36.500000000000007 0.017148526077097454 0.050633812847172707 0.36397058823529416 5.5000000000000009 0.0071213800814933512 0.23421816026571299 51.500000000000007 0.0036628919652869503 0.064085048245239459 6.5000000000000009
decision_type=2 2 2 2 2 2 2 2 2 2 2
left_child=1 5 6 7 -2 -1 10 -4 -9 -6 -3
right_child=4 2 3 -5 9 -7 -8 8 -10 -11 -12
leaf_value=0 0 -0.00080574726155313364 0 0 0.0044497369785543401 -0.0049660878273839913 0.0030373318099681974 0 -0.0044167629059306702 0 0.00042005089080153805
leaf_weight=3.5018475353717831 12.86293714866042 9.8770711869001371 2.6698564291000393 7.1820101868361226 43.503751616925001 17.276584278792143 19.439083928242326 2.249386519193652 26.336347445845604 8.1992750465869886 23.919068094342947
leaf_count=23 72 89 13 42 126 186 83 16 254 34 123
internal_value=0.000300766 -0.00126056 -3.35069e-07 -0.00253323 0.00331732 -0.00395346 0.00136729 -0.00366289 -0.00407524 0.00408501 0
internal_weight=177.017 112.451 91.6728 38.4376 64.566 20.7784 53.2352 31.2556 28.5857 51.703 33.7961
internal_count=1061 829 620 325 232 209 295 283 270 160 212
is_linear=0
shrinkage=0.0069078


Tree=25
num_leaves=7
num_cat=0
split_feature=9 9 2 9 2 9
split_gain=8.3117 14.2964 4.47027 3.80238 1.91691 0.65942
threshold=0.039736842105263161 0.053342816500711203 3.5000000000000004 0.10404971932638325 13.500000000000002 1.0000000180025095e-35
decision_type=2 2 2 2 2 2
left_child=5 2 -2 4 -3 -1
right_child=1 3 -4 -5 -6 -7
leaf_value=-0.0020969828151241017 0 -0.0038217630459497238 0.0037982781453789571 0 0 0
leaf_weight=31.373988304287195 13.844343950971959 13.755628768354656 67.645034942775965 27.023296393454075 4.3201206326484671 19.119277520105243
leaf_count=257 88 139 264 171 22 120
internal_value=0.000341334 0.0014157 0.00314105 -0.00105728 -0.00298546 -0.00156772
internal_weight=177.082 126.588 81.4894 45.099 18.0757 50.4933
internal_count=1061 684 352 332 161 377
is_linear=0
shrinkage=0.0069078


Tree=26
num_leaves=14
num_cat=0
split_feature=5 5 5 6 10 9 0 16 9 5 5 9 6
split_gain=34.0269 10.3791 3.11634 2.92488 2.75338 1.85903 1.23243 1.11016 0.876107 0.670475 0.667321 0.665268 1.19708
threshold=27.750000000000004 93.700000000000017 48.150000000000013 114.75000000000001 0.20169491525423733 0.025167084377610654 1175.0000000000002 34.000000000000007 0.14651229273870783 26.250000000000004 3.8500000000000001 0.10404971932638325 108.45000000000002
decision_type=2 2 2 2 2 2 2 2 2 2 2 2 2
left_child=6 2 3 4 -2 -3 -1 8 9 10 -8 12 -4
right_child=1 5 11 -5 -6 -7 7 -9 -10 -11 -12 -13 -14
leaf_value=0 0.0034136986528081306 0 -0.0022495800054404352 0 0 0.0052412360273298257 0 0 0 0 -0.0043956109805760226 0 0
leaf_weight=4.6064643990248433 24.586162637919188 7.581174209713935 14.112222829833632 5.2248790897428981 9.137640465050934 43.441354677081108 3.8604672737419596 2.6474745403975239 2.866179082542657 2.6943940073251715 42.798075506463647 4.6342822425067416 8.4432148933410627
leaf_count=35 82 36 92 34 50 96 39 30 23 11 472 24 37
internal_value=0.000335842 0.00260977 0.000120489 0.0015894 0.00246892 0.00474649 -0.00338371 -0.00363236 -0.00382468 -0.00400765 -0.00417274 -0.000886147 -0.00137982
internal_weight=176.634 117.161 66.1384 38.9487 33.7238 51.0225 59.4731 54.8666 52.2191 49.3529 46.6585 27.1897 22.5554
internal_count=1061 451 319 166 132 132 610 575 545 522 511 153 129
is_linear=0
shrinkage=0.0069078


Tree=27
num_leaves=9
num_cat=0
split_feature=18 9 9 10 20 9 3 9
split_gain=19.8623 7.88428 10.9253 3.8501 3.10746 1.90757 1.8718 0.576179
threshold=37.500000000000007 1.0000000180025095e-35 0.050633812847172707 0.36397058823529416 3.5000000000000004 0.048115079365079354 51.500000000000007 0.13484848484848483
decision_type=2 2 2 2 2 2 2 2
left_child=1 -1 4 6 5 -3 -4 -8
right_child=-2 2 3 -5 -6 -7 7 -9
leaf_value=-0.0038234221492322736 0.004193049428665949 0 0 0 0 0.0035388006826489343 -0.0038686959064039121 0
leaf_weight=22.823926879093051 40.837157271802425 12.665054988116024 3.1366613991558543 7.4270128421485415 26.882633853703737 28.27753172814846 30.571185333654284 2.4955089725553981
leaf_count=230 103 79 15 43 175 109 291 16
internal_value=0.000328473 -0.000792812 0 -0.0023572 0.00172366 0.00274451 -0.00324427 -0.00366444
internal_weight=175.117 134.28 111.456 43.6304 67.8252 40.9426 36.2034 33.0667
internal_count=1061 958 728 365 363 188 322 307
is_linear=0
shrinkage=0.0069078


Tree=28
num_leaves=9
num_cat=0
split_feature=5 4 4 2 2 5 28 17
split_gain=33.3971 10.4366 9.52207 4.72739 3.83596 1.96502 1.7108 1.92233
threshold=27.750000000000004 37.500000000000007 33.500000000000007 2.5000000000000004 15.500000000000002 149.90000000000003 0.99621173576945232 18.424166666666668
decision_type=2 2 2 2 2 2 2 2
left_child=1 4 5 -4 6 -2 7 -1
right_child=2 -3 3 -5 -6 -7 -8 -9
leaf_value=0 -0.0025504473965688905 0.00036115277860415966 0 0.0038563933473896111 0 0 0 -0.0058304750062286321
leaf_weight=3.0991961956024161 7.9174574725329858 10.285630226135252 9.693482041358946 92.943372629582882 4.762528631836175 4.5844514891505241 2.8775599170476189 38.363854922354221
leaf_count=15 65 38 54 318 26 14 35 496
internal_value=0.000339568 -0.00333349 0.0026221 0.0034003 -0.00464686 -0.000881597 -0.00519088 -0.00548587
internal_weight=174.528 59.3888 115.139 102.637 49.1031 12.5019 44.3406 41.4631
internal_count=1061 610 451 372 572 79 546 511
is_linear=0
shrinkage=0.0069078


Tree=29
num_leaves=12
num_cat=0
split_feature=5 4 4 2 2 10 5 10 11 5 5
split_gain=31.8595 9.39578 9.105 4.67645 3.64968 2.80588 1.87921 1.04991 0.86035 1.53744 0.307405
threshold=27.750000000000004 37.500000000000007 33.500000000000007 2.5000000000000004 15.500000000000002 0.10070850202429146 149.90000000000003 0.25296388199614006 0.2264957264957265 23.150000000000002 3.7500000000000004
decision_type=2 2 2 2 2 2 2 2 2 2 2
left_child=1 4 6 -4 8 -5 -2 -7 9 10 -1
right_child=2 -3 3 5 -6 7 -8 -9 -10 -11 -12
leaf_value=0 -0.0025111338083625935 0.00016880593548865522 0 0 0 0.0044463098602527196 0 0 0 0 -0.0061319865380816355
leaf_weight=4.5022774506360284 7.7722522262483817 9.6712731048464757 9.5794748421758396 6.6326466128230086 4.7358672954142085 73.134352162480354 4.5043070241808891 13.395332287997006 2.3925374224781981 5.9948046021163455 30.535016540437937
leaf_count=46 65 38 54 44 26 216 14 58 27 43 430
internal_value=0.000317314 -0.00332198 0.00253939 0.00330059 -0.00455238 0.00375463 -0.00088087 0.00405903 -0.00509027 -0.00528841 -0.00578196
internal_weight=172.85 57.8318 115.018 102.742 48.1605 93.1623 12.2766 86.5297 43.4246 41.0321 35.0373
internal_count=1061 610 451 372 572 318 79 274 546 519 476
is_linear=0
shrinkage=0.0069078


Tree=30
num_leaves=12
num_cat=0
split_feature=5 4 5 2 5 2 4 28 11 4 5
split_gain=31.92 9.46943 8.26603 5.13794 3.49186 3.08366 2.3182 2.19427 1.1759 0.55118 0.439385
threshold=27.750000000000004 37.500000000000007 93.700000000000017 7.5000000000000009 48.150000000000013 15.500000000000002 35.500000000000007 0.99905158556052898 0.2264957264957265 36.500000000000007 26.250000000000004
decision_type=2 2 2 2 2 2 2 2 2 2 2
left_child=1 5 3 9 6 7 -5 8 10 -2 -1
right_child=2 -3 -4 4 -6 -7 -8 -9 -10 -11 -12
leaf_value=-0.0057646385837304666 -0.0018780500470124428 0.00018682486477034047 0.0045015537762757192 0 0 0 0.0041675308373475125 0 0 0 0
leaf_weight=36.744649961590767 16.272973412647847 9.4061350226402265 49.682777669280767 9.2928802631795424 14.016374550759791 4.5785387456417075 17.546523883938789 1.6980635635554779 2.4170602448284617 8.0480745136737806 2.1413286402821532
leaf_count=492 127 38 132 46 74 26 40 16 27 32 11
internal_value=0.000321339 -0.00335257 0.00253958 0.000203475 0.00192559 -0.00459021 0.00312959 -0.00507425 -0.0053567 -0.00137462 -0.00559556
internal_weight=171.845 56.9858 114.86 65.1768 40.8558 47.5796 26.8394 43.0011 41.303 24.321 38.886
internal_count=1061 610 451 319 160 572 86 546 530 159 503
is_linear=0
shrinkage=0.0069078


Tree=31
num_leaves=11
num_cat=0
split_feature=5 4 4 2 3 2 10 5 10 5
split_gain=29.7298 8.59333 8.59024 4.82151 3.12761 3.3669 3.46583 1.70126 1.14884 1.13551
threshold=27.750000000000004 37.500000000000007 33.500000000000007 5.5000000000000009 51.500000000000007 15.500000000000002 0.39231927710843378 149.90000000000003 0.11834733893557421 112.55000000000003
decision_type=2 2 2 2 2 2 2 2 2 2
left_child=1 4 7 9 -1 6 -6 -2 -5 -4
right_child=2 -3 3 8 5 -7 -8 -9 -10 -11
leaf_value=0 -0.0024165037513003054 3.9464387355217313e-05 -0.00083945927347039452 0 -0.0059080872593380105 0 0 0 0.0042110212234112553 0.001397897994763083
leaf_weight=2.051766298711299 7.4887533970177156 9.3252734094858152 12.748987868428232 7.4041891247034064 36.06293504871428 4.2955602556467047 4.4794966112822285 4.365300253033638 71.275205934420228 10.78203861415386
leaf_count=12 65 38 94 39 490 25 45 14 210 29
internal_value=0.000309887 -0.00325151 0.00246065 0.00320053 -0.004434 -0.00481422 -0.00533115 -0.000861879 0.00395118 0
internal_weight=170.28 56.215 114.064 102.21 46.8898 44.838 40.5424 11.8541 78.6794 23.531
internal_count=1061 610 451 372 572 560 535 79 249 123
is_linear=0
shrinkage=0.0069078


Tree=32
num_leaves=11
num_cat=0
split_feature=5 4 5 17 4 6 6 6 6 16
split_gain=29.4656 12.8703 6.46156 3.5377 2.24622 1.2885 0.931308 2.51115 0.791291 0.516783
threshold=80.350000000000009 36.500000000000007 23.150000000000002 18.424166666666668 38.500000000000007 107.25000000000001 72.550000000000011 106.85000000000001 81.15000000000002 10.500000000000002
decision_type=2 2 2 2 2 2 2 2 2 2
left_child=1 2 3 -1 6 8 -3 -8 -4 -5
right_child=-2 4 5 9 -6 -7 7 -9 -10 -11
leaf_value=0 0.0042153351557810389 0.00096012611481962283 0 0 0.0026960313517688708 -0.0017017444032138124 -0.0027485639352877538 0 0.0014384416463131969 -0.0059202814899988665
leaf_weight=2.3036237284541121 51.185563232749701 8.9696231037378329 17.948242112994198 1.9582473188638676 9.7535319179296476 12.824052304029463 10.466277703642847 11.82734617218375 9.1730145737528783 31.454492386430502
leaf_count=9 139 42 131 10 22 95 80 49 30 454
internal_value=7.49438e-05 -0.00163517 -0.00329627 -0.00523407 0.000769705 -0.000198719 0 -0.000941476 0 -0.00573184
internal_weight=167.864 116.678 75.6617 35.7164 41.0168 39.9453 31.2632 22.2936 27.1213 33.4127
internal_count=1061 922 729 473 193 256 171 129 161 464
is_linear=0
shrinkage=0.0069078


Tree=33
num_leaves=11
num_cat=0
split_feature=5 4 9 5 9 5 28 4 28 2
split_gain=27.9805 10.2132 9.98984 6.82771 2.79573 2.08563 2.12849 2.42181 1.90902 0.97309
threshold=23.150000000000002 37.500000000000007 1.0000000180025095e-35 80.350000000000009 0.14651229273870783 48.150000000000013 0.0075391609627117008 34.500000000000007 0.007310812083449701 15.500000000000002
decision_type=2 2 2 2 2 2 2 2 2 2
left_child=1 4 8 5 9 6 -4 -8 -2 -1
right_child=2 -3 3 -5 -6 -7 7 -9 -10 -11
leaf_value=-0.0057225704284494189 0 0.00017989785178257195 0 0.0048973909595683091 0 -0.00056759344651408756 0 0.0031638784305855253 -0.0023051153053713002 0
leaf_weight=34.775990614667535 3.8172132186591652 9.0257256627082807 7.5383192040026179 46.416781734675169 3.9141489733010522 12.382021836936472 8.9310365319252032 22.699048727750778 13.764205198734997 3.5006496496498576
leaf_count=493 13 37 43 105 31 76 54 77 108 24
internal_value=8.71181e-05 -0.00357238 0.0021331 0.00307701 -0.0049501 0.000370682 0.00144646 0.00223044 -0.00106556 -0.00541722
internal_weight=166.765 51.2165 115.549 97.9672 42.1908 51.5504 39.1684 31.6301 17.5814 38.2766
internal_count=1061 585 476 355 548 250 174 131 121 517
is_linear=0
shrinkage=0.0069078


Tree=34
num_leaves=13
num_cat=0
split_feature=4 9 10 9 28 9 21 28 16 17 2 2
split_gain=18.856 7.30667 7.28336 7.26317 4.87609 4.39486 4.05753 3.11066 3.10906 1.9798 0.641497 0.415518
threshold=37.500000000000007 0.045478036175710557 0.20169491525423733 1.0000000180025095e-35 0.0077687596940486511 0.049515639589168957 1.0000000180025095e-35 0.0038849515942992502 12.500000000000002 31.703589743589745 13.500000000000002 2.5000000000000004
decision_type=2 2 2 2 2 2 2 2 2 2 2 2
left_child=2 -2 3 7 10 6 9 -1 -4 -6 -5 -10
right_child=1 -3 8 4 5 -7 -8 -9 11 -11 -12 -13
leaf_value=0 0 0.0052738113907992495 0 -0.0016132110405731605 0 0 0 -0.0039911316193675427 0 0.0042615963241717384 0 -0.0042128712765678797
leaf_weight=3.0199672915041473 7.9448500573635092 30.55032404512167 6.488979769870638 8.5543403699994069 7.2728314455598584 6.3860249277204266 6.4087012708187094 14.945189723744987 5.2366697229444972 36.493513312190771 4.0788164287805548 28.276484025642276
leaf_count=17 35 66 36 93 44 52 48 163 44 136 16 311
internal_value=7.19707e-05 0.00397979 -0.00103948 0 0.00119827 0.00224153 0.00301752 -0.00294294 -0.00317505 0.00372475 -0.000838702 -0.00388593
internal_weight=165.657 38.4952 127.162 87.1594 69.1942 56.5611 50.175 17.9652 40.0021 43.7663 12.6332 33.5132
internal_count=1061 101 960 569 389 280 228 180 391 180 109 355
is_linear=0
shrinkage=0.0069078


Tree=35
num_leaves=10
num_cat=0
split_feature=4 9 10 9 27 9 17 4 17
split_gain=18.261 6.97422 6.88193 6.92212 4.45042 3.12311 2.7964 2.784 0.561921
threshold=37.500000000000007 0.045478036175710557 0.20169491525423733 1.0000000180025095e-35 1.5000000000000002 0.049515639589168957 18.424166666666668 34.500000000000007 46.39145833333334
decision_type=2 2 2 2 2 2 2 2 2
left_child=2 -2 3 -1 5 7 -4 8 -5
right_child=1 -3 6 4 -6 -7 -8 -9 -10
leaf_value=-0.0028674376260087895 0 0.005212023902278983 0 -0.00027259805254779021 -0.00079973233763032175 0 -0.0036200741279553989 0.0040066073860893503 0.0010763294612005472
leaf_weight=17.94308415055275 7.9305630400776854 30.302269078791142 3.2471081689000121 10.366529833525421 11.365551600232719 7.1382592581212512 36.531526388600469 27.635373283177614 12.822644347324966
leaf_count=180 35 66 8 73 98 55 383 102 61
internal_value=8.94421e-05 0.00394675 -0.000998992 0 0.0011745 0.00214152 -0.00308262 0.00276053 0
internal_weight=165.283 38.2328 127.05 87.2714 69.3284 57.9628 39.7786 50.8245 23.1892
internal_count=1061 101 960 569 389 291 391 236 134
is_linear=0
shrinkage=0.0069078


Tree=36
num_leaves=9
num_cat=0
split_feature=5 4 5 5 17 2 4 2
split_gain=26.627 10.6896 7.10957 3.22085 3.21726 2.19041 0.990625 0.787498
threshold=23.150000000000002 37.500000000000007 80.350000000000009 48.150000000000013 18.424166666666668 7.5000000000000009 34.500000000000007 15.500000000000002
decision_type=2 2 2 2 2 2 2 2
left_child=1 4 3 5 -1 -2 -7 -6
right_child=2 -3 -4 -5 7 6 -8 -9
leaf_value=0 0 0.0003633086838881325 0.0038636514236253376 -0.001566114883818524 -0.0056672434838741887 0 0.0027544629182424387 0
leaf_weight=2.9256424605846396 14.153477245941756 9.3130814135074598 50.928520932793617 16.904212485998869 34.979173414409161 9.0922169648110884 22.789437271654606 3.7652430087327948
leaf_count=10 100 37 139 113 512 46 78 26
internal_value=0.000109449 -0.00345322 0.00212751 0 -0.00491092 0.00127771 0.00217914 -0.00536684
internal_weight=164.851 50.9831 113.868 62.9393 41.6701 46.0351 31.8817 38.7444
internal_count=1061 585 476 337 548 224 124 538
is_linear=0
shrinkage=0.0069078


Tree=37
num_leaves=8
num_cat=0
split_feature=5 4 5 5 2 4 2
split_gain=26.4028 10.2228 6.17238 2.42004 2.17412 1.24226 0.491911
threshold=23.150000000000002 37.500000000000007 80.350000000000009 48.150000000000013 7.5000000000000009 34.500000000000007 15.500000000000002
decision_type=2 2 2 2 2 2 2
left_child=1 6 3 4 -2 -6 -1
right_child=2 -3 -4 -5 5 -7 -8
leaf_value=-0.0051272339020386505 0 0.00023877194057080113 0.0037380443843386926 -0.0012400515518384723 0 0.0027463525338807882 0
leaf_weight=37.582832960411906 14.294030282646416 9.2603866010904294 51.010458339005709 16.248594976961613 8.8160895705223101 22.685783430933952 3.7335468195378771
leaf_count=522 100 37 139 113 46 78 26
internal_value=9.35608e-05 -0.00346535 0.00211254 0 0.00118103 0.00210782 -0.00488621
internal_weight=163.632 50.5768 113.055 62.0445 45.7959 31.5019 41.3164
internal_count=1061 585 476 337 224 124 548
is_linear=0
shrinkage=0.0069078


Tree=38
num_leaves=12
num_cat=0
split_feature=5 4 5 4 17 2 6 28 2 6 6
split_gain=25.3325 8.10462 4.32354 3.99522 2.63126 1.82653 1.69083 0.908236 0.855272 0.574912 0.23591
threshold=14.850000000000003 37.500000000000007 80.350000000000009 38.500000000000007 18.424166666666668 15.500000000000002 102.95000000000002 0.015076102852865602 14.500000000000002 81.050000000000011 67.600000000000009
decision_type=2 2 2 2 2 2 2 2 2 2 2
left_child=3 2 6 4 -1 -6 9 -4 -8 10 -2
right_child=1 -3 7 -5 5 -7 8 -9 -10 -11 -12
leaf_value=0 0 0.0043467915542958306 0 0 -0.0056579055997798729 0 -0.0021590125089342139 0.0024550941469086568 0 0.0012908738967636433 -0.00061843358353034139
leaf_weight=2.0910568609833708 4.2195601034909549 33.388227663934231 7.8208742365241042 2.1382290273904792 28.240723963826898 2.7390065789222708 21.818327626213435 29.209410466253757 2.9878885783255091 7.3806406520307055 20.387676529586315
leaf_count=8 22 80 34 8 416 18 179 81 15 24 176
internal_value=9.74663e-05 0.00175387 0.000187747 -0.00422687 -0.00482661 -0.00525804 -0.000584618 0.0020162 -0.00174521 0 -1.84305e-05
internal_weight=162.422 127.213 93.8244 35.209 33.0708 30.9797 56.7941 37.0303 24.8062 31.9879 24.6072
internal_count=1061 611 531 450 442 434 416 115 194 222 198
is_linear=0
shrinkage=0.0069078


Tree=39
num_leaves=11
num_cat=0
split_feature=4 10 9 28 9 21 28 9 10 2
split_gain=17.2773 6.04785 5.94888 4.2151 4.07725 3.41579 2.99566 2.95457 2.00279 0.693923
threshold=37.500000000000007 0.20169491525423733 1.0000000180025095e-35 0.0077687596940486511 0.049515639589168957 1.0000000180025095e-35 0.0038849515942992502 0.048115079365079354 0.39231927710843378 13.500000000000002
decision_type=2 2 2 2 2 2 2 2 2 2
left_child=1 2 6 9 5 -5 -1 -2 -3 -4
right_child=7 8 3 4 -6 -7 -8 -9 -10 -11
leaf_value=0 0 -0.0036004108530474006 -0.001580902088730514 0.0035139988398808146 0 0 -0.0037657016656787693 0.0047524391456954434 0 0
leaf_weight=3.0802175961434868 8.4467674642801267 29.715324072167277 8.4572130069136602 42.942336417734623 6.1607768386602393 6.1862449999898663 14.369512543082235 28.514708332717419 9.2865871042013151 3.930237688124179
leaf_count=17 36 315 93 180 52 48 163 65 76 16
internal_value=0.000115616 -0.000943938 0 0.00110872 0.00210343 0.00286974 -0.00267297 0.00392164 -0.00291054 -0.000706284
internal_weight=161.09 124.128 85.1265 67.6768 55.2894 49.1286 17.4497 36.9615 39.0019 12.3875
internal_count=1061 960 569 389 280 228 180 101 391 109
is_linear=0
shrinkage=0.0069078


Tree=40
num_leaves=10
num_cat=0
split_feature=18 2 6 16 28 3 9 17 9
split_gain=17.3549 7.20401 6.98999 2.98425 2.6046 3.03885 2.37356 1.10936 0.256662
threshold=36.500000000000007 15.500000000000002 56.300000000000004 15.500000000000002 0.0036559440860267503 51.500000000000007 0.23856209150326799 89.000000000000014 0.033520599250936305
decision_type=2 2 2 2 2 2 2 2 2
left_child=1 2 -1 8 -4 -6 7 -7 -2
right_child=3 -3 4 -5 5 6 -8 -9 -10
leaf_value=0.0001887396989844994 0 0.00067457133560658116 0 0.0040303565576505209 0 -0.0047798308936530687 0 0 0.00058915863413787773
leaf_weight=7.1390320211648932 7.7140338644385329 11.784532390534876 5.0132492557167998 19.67122070863843 7.0675052851438513 62.21570030786097 2.5271238535642615 2.7963476963341227 26.208339320495725
leaf_count=34 50 47 35 60 33 632 16 28 118
internal_value=-0.00037334 -0.0022109 -0.00299618 0.00227571 -0.00366794 -0.00396799 -0.00436922 -0.00461194 0
internal_weight=152.137 98.5435 86.759 53.5936 79.6199 74.6067 67.5392 65.012 33.9224
internal_count=1053 825 778 228 744 709 676 660 168
is_linear=0
shrinkage=0.0069078


Tree=41
num_leaves=7
num_cat=0
split_feature=4 2 0 3 28 27
split_gain=16.8665 6.86088 5.89845 2.77053 3.20639 2.06559
threshold=36.500000000000007 15.500000000000002 1075.0000000000002 51.500000000000007 0.0036559440860267503 6.0000000000000009
decision_type=2 2 2 2 2 2
left_child=1 2 -1 -4 -5 -2
right_child=5 -3 3 4 -6 -7
leaf_value=0 0.0038756830083549695 0.00058216175295487432 0 0 -0.0042988909654138128 0
leaf_weight=7.8647004831582299 18.277782846242189 11.812389474362133 6.7180792316794387 4.867085486650466 66.770795725286007 35.359595291316509
leaf_count=41 52 47 31 34 672 176
internal_value=-0.000371494 -0.00219213 -0.00296011 -0.00357347 -0.00393325 0.00223158
internal_weight=151.67 98.0331 86.2207 78.356 71.6379 53.6374
internal_count=1053 825 778 737 706 228
is_linear=0
shrinkage=0.0069078


Tree=42
num_leaves=6
num_cat=0
split_feature=5 2 3 5 5
split_gain=33.8458 8.08078 4.8785 3.92942 0.920183
threshold=31.950000000000006 13.500000000000002 50.500000000000007 76.750000000000014 48.150000000000013
decision_type=2 2 2 2 2
left_child=1 2 -1 4 -2
right_child=3 -3 -4 -5 -6
leaf_value=0 0.0010037118057693141 0 -0.0057837949034277953 0.0032286641947303065 -0.00062484664273887447
leaf_weight=1.8503017723560322 24.129504095762968 13.475729981437324 46.002840442582965 48.322341129183769 17.707182290032506
leaf_count=7 115 96 565 160 110
internal_value=-0.000352051 -0.00416976 -0.0053175 0.00203469 0
internal_weight=151.488 61.3289 47.8531 90.159 41.8367
internal_count=1053 668 572 385 225
is_linear=0
shrinkage=0.0069078


Tree=43
num_leaves=8
num_cat=0
split_feature=5 4 5 28 28 4 5
split_gain=30.2803 7.15731 3.94319 1.87361 0.985275 0.791562 1.55659
threshold=30.050000000000004 38.500000000000007 76.750000000000014 0.99905158556052898 0.0036559440860267503 34.500000000000007 52.20000000000001
decision_type=2 2 2 2 2 2 2
left_child=1 3 5 4 -1 -2 -7
right_child=2 -3 -4 -5 -6 6 -8
leaf_value=0 -0.00086861384020296695 0 0.0030317075741659672 0 -0.005239858154804598 0.00171739704145427 0
leaf_weight=1.9698318392038334 11.718152422457932 3.647403046488761 48.525376472622156 2.4817098416388026 49.099807979539037 23.594761189073324 9.7429007068276388
leaf_count=22 84 14 160 16 601 99 57
internal_value=-0.000313168 -0.00410965 0.00182328 -0.00482972 -0.00507693 0 0.000721566
internal_weight=150.78 57.1988 93.5812 53.5513 51.0696 45.0558 33.3377
internal_count=1053 653 400 639 623 240 156
is_linear=0
shrinkage=0.0069078


Tree=44
num_leaves=6
num_cat=0
split_feature=5 2 3 5 5
split_gain=29.5056 4.90485 4.34761 3.85534 0.811431
threshold=30.050000000000004 13.500000000000002 50.500000000000007 76.750000000000014 48.150000000000013
decision_type=2 2 2 2 2
left_child=1 2 -1 4 -2
right_child=3 -3 -4 -5 -6
leaf_value=0 0.0008179132054368511 0 -0.0054912873457403245 0.0029498299697921565 -0.00074106038786513203
leaf_weight=1.7631506696343411 27.219088241457939 12.31054296903312 42.152450911700726 49.019123949110508 17.216976625844836
leaf_count=7 130 95 551 160 110
internal_value=-0.000325697 -0.00411029 -0.00502354 0.00177089 0
internal_weight=149.681 56.2261 43.9156 93.4552 44.4361
internal_count=1053 653 558 400 240
is_linear=0
shrinkage=0.0069078


Tree=45
num_leaves=10
num_cat=0
split_feature=4 2 6 16 4 3 9 17 10
split_gain=16.8396 6.39866 6.50453 2.48058 3.06051 2.09331 2.11017 0.756567 0.266164
threshold=36.500000000000007 15.500000000000002 56.300000000000004 15.500000000000002 38.500000000000007 51.500000000000007 0.23856209150326799 89.000000000000014 0.28708791208791212
decision_type=2 2 2 2 2 2 2 2 2
left_child=1 2 -1 4 8 -4 7 -7 -2
right_child=3 -3 5 -5 -6 6 -8 -9 -10
leaf_value=0.00011049239277883869 -0.0010589537902465733 0.0004737551211895435 0 0.0039628977295922364 0.0024654340832760335 -0.0042283766575224825 0 0 0
leaf_weight=6.9320543985813847 17.686680983752016 11.662991371005772 6.9627024680376044 19.347466189414263 12.102860063314436 65.837070124223828 2.4626877009868613 2.6847504861652842 3.297670066356658
leaf_count=34 120 47 34 60 28 666 16 28 20
internal_value=-0.000321067 -0.00215795 -0.00290431 0.00230923 0 -0.00355968 -0.00387569 -0.00409821 -0.000758848
internal_weight=148.977 96.5423 84.8793 52.4347 33.0872 77.9472 70.9845 68.5218 20.9844
internal_count=1053 825 778 228 168 744 710 694 140
is_linear=0
shrinkage=0.0069078


Tree=46
num_leaves=6
num_cat=0
split_feature=5 18 18 3 28
split_gain=27.8339 6.98236 4.45402 3.43897 1.22868
threshold=30.050000000000004 38.500000000000007 36.500000000000007 50.500000000000007 0.0036559440860267503
decision_type=2 2 2 2 2
left_child=1 3 -2 -1 -5
right_child=2 -3 -4 4 -6
leaf_value=0 0 0 0.0033077612605197353 0 -0.0052913136877974706
leaf_weight=1.9628194198012341 55.707121331244707 3.5790890380740157 37.521254204213619 1.9569645766168822 48.185119649395347
leaf_count=9 299 14 101 22 608
internal_value=-0.000322155 -0.00402141 0.0017047 -0.00475012 -0.00510712
internal_weight=148.912 55.684 93.2284 52.1049 50.1421
internal_count=1053 653 400 639 630
is_linear=0
shrinkage=0.0069078


Tree=47
num_leaves=7
num_cat=0
split_feature=5 4 2 3 4 27
split_gain=27.0451 6.89733 6.92951 5.09462 4.20804 2.33422
threshold=30.050000000000004 38.500000000000007 13.500000000000002 50.500000000000007 36.500000000000007 1.0000000180025095e-35
decision_type=2 2 2 2 2 2
left_child=1 2 3 -1 5 -2
right_child=4 -3 -4 -5 -6 -7
leaf_value=0 0.0010552076197327964 0 0 -0.0064195309134198915 0.0032150156809237673 -0.0015562039096318283
leaf_weight=1.7756173983216275 42.442022733390331 3.5477443039417258 11.974455583840607 37.75932738929987 37.499608606100082 13.2305218167603
leaf_count=7 205 14 93 539 101 94
internal_value=-0.000331491 -0.00400209 -0.0047315 -0.00589101 0.00165665 0
internal_weight=148.229 55.0571 51.5094 39.5349 93.1722 55.6725
internal_count=1053 653 639 546 400 299
is_linear=0
shrinkage=0.0069078


Tree=48
num_leaves=13
num_cat=0
split_feature=4 27 4 9 2 2 17 4 4 17 17 9
split_gain=14.5474 6.61074 3.48229 2.87893 2.59419 1.82481 1.79951 1.56179 0.8941 0.970701 0.838158 0.621853
threshold=36.500000000000007 1.0000000180025095e-35 33.500000000000007 0.03608470181503886 11.500000000000002 3.5000000000000004 75.9425339366516 37.500000000000007 35.500000000000007 46.39145833333334 80.190144230769249 0.048115079365079354
decision_type=2 2 2 2 2 2 2 2 2 2 2 2
left_child=1 2 5 -2 8 -1 -3 -5 9 -4 -7 -6
right_child=3 6 4 7 11 10 -8 -9 -10 -11 -12 -13
leaf_value=0 0 -0.0046489097589374534 -0.0018184496024797883 0 0 -0.0036952049183825394 0 0.0040746905921462476 0.00025860350468376753 0 0 0.0026627121599325089
leaf_weight=4.6491519212722805 12.14313689060509 21.363117977976803 17.473601236939434 13.76456957310438 7.6749034821987179 11.0671936776489 2.1101200804114333 30.045624852180481 8.7500915229320508 7.2124850992113343 2.9391837790608397 15.135600881651042
leaf_count=29 70 236 180 84 42 135 10 76 55 55 22 58
internal_value=0 -0.00154514 0 0.00259419 0.000527791 -0.00230996 -0.00419203 0.00329737 0 -0.00110832 -0.00319109 0.00211019
internal_weight=154.329 98.3754 74.9022 55.9533 56.2467 18.6555 23.4732 43.8102 33.4362 24.6861 14.0064 22.8105
internal_count=1052 822 576 230 390 186 246 160 290 235 157 100
is_linear=0
shrinkage=0.0069078


Tree=49
num_leaves=13
num_cat=0
split_feature=18 27 18 2 2 17 18 27 18 17 17 6
split_gain=14.7372 6.41404 3.4132 2.55613 1.78519 1.77568 1.63248 1.61877 0.845192 0.939431 0.824438 0.24045
threshold=36.500000000000007 1.0000000180025095e-35 33.500000000000007 11.500000000000002 3.5000000000000004 75.9425339366516 37.500000000000007 6.0000000000000009 35.500000000000007 46.39145833333334 80.190144230769249 70.250000000000014
decision_type=2 2 2 2 2 2 2 2 2 2 2 2
left_child=1 2 4 8 -1 -3 7 -2 9 -4 -6 -5
right_child=6 5 3 11 10 -7 -8 -9 -10 -11 -12 -13
leaf_value=0 0.0017604104207244176 -0.0046102078180509211 -0.0017806005438708548 0 -0.0036621440998091171 0 0.0034055435704058962 -0.00097186947710897265 0.00020590721585834511 0 0 0.002378545320876098
leaf_weight=4.5441625677049187 10.245978794991972 21.057121979072694 17.545825729146603 5.2309692986309555 11.055417938157914 2.1101200804114333 36.750304505228996 9.3096191212534887 8.702327046543358 7.2261547800153485 2.9392685741186133 17.58965047635138
leaf_count=29 35 236 180 34 135 10 106 89 55 55 22 66
internal_value=0 -0.00152692 0 0.000516096 -0.0022951 -0.00415152 0.0026339 0 0 -0.00108133 -0.00316187 0.00209044
internal_weight=154.307 98.001 74.8338 56.2949 18.5388 23.1672 56.3059 19.5556 33.4743 24.772 13.9947 22.8206
internal_count=1052 822 576 390 186 246 230 124 290 235 157 100
is_linear=0
shrinkage=0.0069078


Tree=50
num_leaves=10
num_cat=0
split_feature=5 18 2 3 5 17 5 5 2
split_gain=21.108 8.98452 8.35816 2.55678 2.77105 2.42792 1.77014 2.34226 2.19453
threshold=101.25000000000001 36.500000000000007 15.500000000000002 50.500000000000007 76.750000000000014 18.424166666666668 51.750000000000007 8.1500000000000004 7.5000000000000009
decision_type=2 2 2 2 2 2 2 2 2
left_child=1 2 3 -1 5 -5 7 -3 -9
right_child=-2 6 -4 4 -6 -7 -8 8 -10
leaf_value=0 0.0038134249965184972 0 0.00030213004681639972 0 0 -0.0049069372110760925 -0.00010845684977805992 0 0.0034065871692693078
leaf_weight=3.0554922744631758 41.37230533733964 5.0782415494322803 10.976674700155852 3.8570965304970732 6.0053215231746426 51.444702889770269 8.0579093359410745 6.2318972460925606 17.891665119677782
leaf_count=14 107 54 47 15 35 636 41 42 61
internal_value=0 -0.00149954 -0.00285926 -0.0038475 -0.00414479 -0.00456463 0.00051314 0.00158751 0.00250444
internal_weight=153.971 112.599 75.3393 64.3626 61.3071 55.3018 37.2597 29.2018 24.1236
internal_count=1052 945 747 700 686 651 198 157 103
is_linear=0
shrinkage=0.0069078


Tree=51
num_leaves=9
num_cat=0
split_feature=5 4 2 9 5 5 5 2
split_gain=20.1717 8.98276 8.35351 3.34964 2.79428 1.78947 2.3241 2.15799
threshold=101.25000000000001 36.500000000000007 15.500000000000002 0.14651229273870783 76.750000000000014 51.750000000000007 8.1500000000000004 7.5000000000000009
decision_type=2 2 2 2 2 2 2 2
left_child=1 2 3 4 -1 6 -3 -8
right_child=-2 5 -4 -5 -6 -7 7 -9
leaf_value=-0.004704617715311451 0.0037262390339929063 0 0.00031308676035068743 0 0 -8.5316364640214691e-05 0 0.0034057789423476855
leaf_weight=52.805456707254052 41.197126273065805 5.0816626679152277 10.994833869859574 4.250671111047267 6.9677098356187335 8.014882951974867 6.2525684963911798 17.863003972917795
leaf_count=627 107 54 47 35 38 41 42 61
internal_value=0 -0.00147667 -0.00284325 -0.00383745 -0.00423755 0.000536641 0.00160503 0.00251233
internal_weight=153.428 112.231 75.0187 64.0238 59.7732 37.2121 29.1972 24.1156
internal_count=1052 945 747 700 665 198 157 103
is_linear=0
shrinkage=0.0069078


Tree=52
num_leaves=11
num_cat=0
split_feature=5 4 2 3 28 5 5 2 5 28
split_gain=19.0028 8.35327 8.7206 2.43008 2.68415 1.68266 2.30069 2.02097 1.35405 1.05105
threshold=101.25000000000001 36.500000000000007 15.500000000000002 50.500000000000007 0.0036559440860267503 51.750000000000007 8.1500000000000004 7.5000000000000009 76.750000000000014 0.014647255643929852
decision_type=2 2 2 2 2 2 2 2 2 2
left_child=1 2 3 -1 -5 6 -3 -8 -6 -2
right_child=9 5 -4 4 8 -7 7 -9 -10 -11
leaf_value=0 0 0 0.00045015032510901915 0 -0.004795962211768888 -9.1631984506144581e-05 0 0.0033270552494673281 0 0.0041594669063918692
leaf_weight=3.0996850505471221 9.3447602987289411 5.1541171334683922 11.475199142470954 5.1674119234085074 49.995008230209351 8.0060737095773202 6.223086982965472 17.759755000472069 5.0646675974130622 31.774688806384802
leaf_count=14 36 54 47 38 617 41 42 61 31 71
internal_value=0 -0.00143775 -0.00275814 -0.00380827 -0.00410181 0.000480703 0.00154174 0.00246342 -0.00449193 0.00361677
internal_weight=153.064 111.945 74.802 63.3268 60.2271 37.143 29.137 23.9828 55.0597 41.1194
internal_count=1052 945 747 700 686 198 157 103 648 107
is_linear=0
shrinkage=0.0069078


Tree=53
num_leaves=8
num_cat=0
split_feature=5 4 5 9 5 5 9
split_gain=18.8913 8.30154 3.53106 2.57089 1.63007 2.35771 1.21772
threshold=101.25000000000001 36.500000000000007 44.300000000000004 0.14651229273870783 51.750000000000007 8.1500000000000004 0.041213921901527957
decision_type=2 2 2 2 2 2 2
left_child=1 2 3 -1 5 -3 -2
right_child=6 4 -4 -5 -6 -7 -8
leaf_value=-0.0041451543214940352 0 0 0 0 -0.00014277273286764707 0.0024458804298778335 0.0040782884375648162
leaf_weight=45.630765497684479 8.4209285788238031 5.2196479663252857 24.498376460745931 4.1326864939182988 7.9986301213502875 24.097982848063111 32.912241403013468
leaf_count=554 32 54 156 37 41 103 75
internal_value=0 -0.00147134 -0.00279022 -0.003727 0.000428445 0.00149623 0.00356388
internal_weight=152.911 111.578 74.2618 49.7635 37.3163 29.3176 41.3332
internal_count=1052 945 747 591 198 157 107
is_linear=0
shrinkage=0.0069078


Tree=54
num_leaves=14
num_cat=0
split_feature=4 27 4 9 17 9 9 17 3 4 9 17 9
split_gain=13.3951 5.89544 3.11916 2.70246 1.79833 2.26459 2.69477 1.6061 1.56629 1.37419 0.910344 1.09807 0.280244
threshold=36.500000000000007 1.0000000180025095e-35 33.500000000000007 0.03608470181503886 36.809126984126991 0.049515639589168957 0.03608470181503886 75.9425339366516 49.500000000000007 37.500000000000007 0.14651229273870783 80.190144230769249 0.12258191867350966
decision_type=2 2 2 2 2 2 2 2 2 2 2 2 2
left_child=1 2 8 -2 12 6 -6 -3 -1 -5 11 -10 -4
right_child=3 7 4 9 5 -7 -8 -9 10 -11 -12 -13 -14
leaf_value=0 0 -0.0044130563358102644 -0.00068971935021860389 0 0 0 0.0034930951138153338 0 -0.0038793904033556539 0.0039448715287390742 0 0 0
leaf_weight=2.0082685425877598 11.988685078918932 20.914406266063455 19.035016383975748 14.121738549321888 7.7162095848470953 6.8601299505680791 18.727280993014574 2.07223006337881 11.033382477238776 29.96881902217865 2.173424217849969 3.0328351259231559 3.187745112925767
leaf_count=9 70 236 158 84 71 86 62 10 139 76 16 22 13
internal_value=0 -0.00146162 0 0.00251794 0.000509677 0.00155591 0.00243531 -0.0039782 -0.00219843 0.00319298 -0.00285812 -0.00328834 0
internal_weight=152.84 96.7609 73.7743 56.0792 55.5264 33.3036 26.4435 22.9866 18.2479 44.0906 16.2396 14.0662 22.2228
internal_count=1052 822 576 230 390 219 133 246 186 160 177 161 171
is_linear=0
shrinkage=0.0069078


Tree=55
num_leaves=9
num_cat=0
split_feature=5 4 2 9 5 5 2 9
split_gain=17.8883 7.86875 8.56189 3.00297 1.60164 2.29402 1.94085 0.373819
threshold=101.25000000000001 36.500000000000007 15.500000000000002 0.11651583710407236 51.750000000000007 8.1500000000000004 7.5000000000000009 0.043961352657004807
decision_type=2 2 2 2 2 2 2 2
left_child=1 2 3 -1 5 -3 -7 -2
right_child=7 4 -4 -5 -6 6 -8 -9
leaf_value=-0.0043223642049437013 0 0 0.00051646946424276378 0 -8.2067812435703252e-05 0 0.0032661747446461093 0.0039166732910545154
leaf_weight=52.04677633754909 8.8075862824916822 5.2234050761908319 11.068856781348584 10.486616758629678 8.0853953585028631 6.2158293705433634 17.893181975930929 32.783371638506651
leaf_count=598 33 54 47 102 41 42 61 74
internal_value=0 -0.00138177 -0.00268369 -0.00373441 0.000447522 0.00149308 0.00242463 0.00351021
internal_weight=152.611 111.02 73.6022 62.5334 37.4178 29.3324 24.109 41.591
internal_count=1052 945 747 700 198 157 103 107
is_linear=0
shrinkage=0.0069078


Tree=56
num_leaves=11
num_cat=0
split_feature=4 16 10 9 17 27 10 6 6 4
split_gain=15.7551 4.66958 4.28772 7.33315 2.49025 2.44925 1.85485 1.24295 1.78473 1.09974
threshold=36.500000000000007 15.500000000000002 0.22401433691756273 0.039736842105263161 36.809126984126991 1.0000000180025095e-35 0.17846085802742148 106.45000000000002 99.300000000000011 33.500000000000007
decision_type=2 2 2 2 2 2 2 2 2 2
left_child=2 7 3 6 -5 9 -1 8 -2 -6
right_child=1 -3 -4 4 5 -7 -8 -9 -10 -11
leaf_value=-0.0038858939691723228 0 0.0040518631028434709 -0.004516874822324453 -4.7225616714305156e-05 0 0 0 0.0011736138077947217 -0.0026008275810038639 0.0033489201373081904
leaf_weight=19.487568435259167 4.9087859392166155 22.366758767515421 23.454372853040695 14.138857020065187 4.3331981729716125 4.8240838274359694 8.8027814291417581 14.257072333246468 7.5315494108945131 19.073484292253852
leaf_count=211 30 69 306 107 33 39 59 54 71 85
internal_value=-0.000372488 0.00224638 -0.00215571 -0.000506462 0.000732101 0.00198064 -0.00302888 0 -0.0011238 0.00284668
internal_weight=143.179 49.0642 94.1143 70.66 42.3696 28.2308 28.2903 26.6974 12.4403 23.4067
internal_count=1064 224 840 534 264 157 270 155 101 118
is_linear=0
shrinkage=0.0069078


Tree=57
num_leaves=12
num_cat=0
split_feature=4 2 3 11 6 6 6 6 4 9 9
split_gain=15.6538 7.23716 4.36477 3.64059 3.58983 2.07945 2.00059 1.46055 1.38141 1.17308 1.36881
threshold=36.500000000000007 11.500000000000002 51.500000000000007 0.054093567251461951 56.300000000000004 106.45000000000002 99.300000000000011 119.85000000000001 33.500000000000007 0.049515639589168957 0.017148526077097454
decision_type=2 2 2 2 2 2 2 2 2 2 2
left_child=1 2 -1 -2 -4 6 -5 -6 -3 10 -10
right_child=3 8 4 5 7 -7 -8 -9 9 -11 -12
leaf_value=0 0 -0.0014435158563262326 0 0.0018032912033922551 -0.0049886076561200011 0.0040239496395815082 -0.0014554288833744063 0 0 0 0.002438664426233418
leaf_weight=6.0060944445431224 7.2059461511671534 5.1334819104522458 4.3307897597551337 10.646648284047844 42.282780366018414 25.463681355118752 5.7144471965730181 7.5094717741012564 4.8881054818630281 6.2421768344938746 17.425221877172589
leaf_count=28 58 64 25 41 481 73 52 83 36 51 72
internal_value=-0.000387897 -0.00216774 -0.00346074 0.0022198 -0.00405099 0.00300633 0 -0.00453075 0 0.000982283 0.00171467
internal_weight=142.849 93.8181 60.1291 49.0307 54.123 41.8248 16.3611 49.7923 33.689 28.5555 22.3133
internal_count=1064 840 617 224 589 166 93 564 223 159 108
is_linear=0
shrinkage=0.0069078


Tree=58
num_leaves=8
num_cat=0
split_feature=4 5 16 6 6 9 3
split_gain=16.2283 15.7394 4.76619 1.30155 1.7122 1.19724 0.231002
threshold=36.500000000000007 103.95000000000002 15.500000000000002 106.45000000000002 99.300000000000011 0.039736842105263161 51.500000000000007
decision_type=2 2 2 2 2 2 2
left_child=1 6 3 4 -2 -3 -1
right_child=2 5 -4 -5 -6 -7 -8
leaf_value=0 0 0 0.0041321200933861942 0.0012268069967543171 -0.0025632089916435862 0.0020721710250848849 -0.0039827148772052902
leaf_weight=3.3434888012707225 4.9165116585791129 7.3449088521301773 22.724974382668734 14.112022798508404 7.5011700838804245 17.885035444051027 65.250545479357243
leaf_count=26 30 32 69 54 71 55 727
internal_value=-0.000331283 -0.00214972 0.00232586 0 -0.00112512 0.00130738 -0.00387779
internal_weight=143.079 93.824 49.2547 26.5297 12.4177 25.2299 68.594
internal_count=1064 840 224 155 101 87 753
is_linear=0
shrinkage=0.0069078


Tree=59
num_leaves=12
num_cat=0
split_feature=4 16 4 3 6 6 6 6 20 17 6
split_gain=16.1235 4.86548 3.1416 4.62945 2.33747 2.01852 1.38388 1.71575 1.29408 0.996337 0.75267
threshold=36.500000000000007 15.500000000000002 34.500000000000007 51.500000000000007 120.25000000000001 56.300000000000004 106.45000000000002 99.300000000000011 2.5000000000000004 36.809126984126991 70.950000000000017
decision_type=2 2 2 2 2 2 2 2 2 2 2
left_child=2 6 3 -1 5 -5 7 -2 10 -10 -4
right_child=1 -3 8 4 -6 -7 -8 -9 9 -11 -12
leaf_value=0 0 0.0041159893554573871 0 0 0 -0.0049928901087664254 0.0012367939547307488 -0.0026005532158878335 -0.0021459502993294586 0 0.0013334331864026372
leaf_weight=5.5888687931001177 4.9328580722212809 22.869242396205664 3.7584383115172413 5.3952874597161999 2.7892108950763932 33.308665674179792 14.117714431136845 7.5488426331430674 13.446922371163966 14.849172690883277 14.259268239140509
leaf_count=22 30 69 43 39 22 360 54 71 144 131 79
internal_value=-0.000340029 0.00229748 -0.00215962 -0.00334362 -0.00409681 -0.00448309 0 -0.00119059 0 -0.00122604 0.000453612
internal_weight=142.864 49.4687 93.3958 47.082 41.4932 38.704 26.5994 12.4817 46.3138 28.2961 18.0177
internal_count=1064 224 840 443 421 399 155 101 397 275 122
is_linear=0
shrinkage=0.0069078


Tree=60
num_leaves=6
num_cat=0
split_feature=4 5 16 4 9
split_gain=15.9803 15.6954 4.80308 1.06154 1.02244
threshold=36.500000000000007 103.95000000000002 15.500000000000002 38.500000000000007 0.039736842105263161
decision_type=2 2 2 2 2
left_child=1 -1 3 -2 -3
right_child=2 4 -4 -5 -6
leaf_value=-0.0039058706058216269 -0.00075632074161013202 0 0.0040713245859451659 0.0014453067328963854 0.0019783743031109389
leaf_weight=68.005744183436036 19.176515441387895 7.2297001220285919 22.791489128023386 7.4369158074259749 17.778198380023241
leaf_count=753 135 32 69 20 55
internal_value=-0.000361443 -0.00217581 0.00226126 0 0.00128542
internal_weight=142.419 93.0136 49.4049 26.6134 25.0079
internal_count=1064 840 224 155 87
is_linear=0
shrinkage=0.0069078


Tree=61
num_leaves=6
num_cat=0
split_feature=4 5 16 20 4
split_gain=15.5764 15.6622 4.59206 1.96922 1.07148
threshold=36.500000000000007 103.95000000000002 15.500000000000002 3.5000000000000004 38.500000000000007
decision_type=2 2 2 2 2
left_child=1 -1 4 -3 -2
right_child=2 3 -4 -5 -6
leaf_value=-0.0038888228539553068 -0.00075639206513671529 0.0023824893303535451 0.0039876378158034565 0 0.0014554133439499755
leaf_weight=67.856164164841175 19.17862202972174 17.753110330551866 22.851234935224056 6.9963683374226084 7.4304157793521872
leaf_count=753 135 53 69 34 20
internal_value=-0.000360803 -0.00215997 0.00222026 0.00131308 0
internal_weight=142.066 92.6056 49.4603 24.7495 26.609
internal_count=1064 840 224 87 155
is_linear=0
shrinkage=0.0069078


Tree=62
num_leaves=12
num_cat=0
split_feature=18 16 3 18 6 6 20 17 6 6 6
split_gain=15.6538 4.55437 3.12059 4.29055 2.23878 1.99142 1.74102 1.38001 1.26136 1.63052 0.809204
threshold=36.500000000000007 15.500000000000002 51.500000000000007 34.500000000000007 120.25000000000001 56.300000000000004 2.5000000000000004 36.809126984126991 106.45000000000002 99.300000000000011 70.950000000000017
decision_type=2 2 2 2 2 2 2 2 2 2 2
left_child=2 8 -1 4 5 -4 10 -8 9 -2 -5
right_child=1 -3 3 6 -6 -7 7 -9 -10 -11 -12
leaf_value=0 0 0.0039679382731011631 0 0 0 -0.0049594773138964127 -0.0026275592131003835 0 0.00117261688338634 -0.002528792347564568 0.0014142705449831493
leaf_weight=8.0344216562807542 4.9171037673950213 22.963952623307705 5.3556600585579863 3.7106179445982006 2.7847690209746352 33.051338208839297 11.515536302700641 14.595681557431815 14.162374164909123 7.506767051294446 13.704492496326564
leaf_count=39 30 69 39 43 22 360 135 127 54 71 75
internal_value=-0.000372627 0.00221305 -0.00217308 -0.00259121 -0.00407401 -0.00445206 -5.92812e-05 -0.00147267 0 -0.00114601 0.000512228
internal_weight=142.303 49.5502 92.7525 84.7181 41.1918 38.407 43.5263 26.1112 26.5862 12.4239 17.4151
internal_count=1064 224 840 801 421 399 380 262 155 101 118
is_linear=0
shrinkage=0.0069078


Tree=63
num_leaves=12
num_cat=0
split_feature=4 2 16 17 6 6 6 4 10 10 6
split_gain=15.3815 6.31894 4.39879 3.45113 1.26982 1.6264 1.26273 1.15175 1.61189 1.28147 0.946373
threshold=36.500000000000007 11.500000000000002 15.500000000000002 71.438235294117661 106.45000000000002 99.300000000000011 119.85000000000001 33.500000000000007 0.20169491525423733 0.17846085802742148 56.300000000000004
decision_type=2 2 2 2 2 2 2 2 2 2 2
left_child=1 3 4 6 5 -2 10 -3 9 -9 -1
right_child=2 7 -4 -5 -6 -7 -8 8 -10 -11 -12
leaf_value=0 0 -0.0013851607645576456 0.0039246125064408893 0 0.0011860829302956608 -0.0025209415159585412 0 0 0 0.0026765773810538901 -0.0045809013159060852
leaf_weight=3.0360357686877242 4.9304784610867518 5.1351484823971978 22.861049979925156 7.454189781099557 14.26835563033819 7.5032052975147963 8.2743625901639444 5.3173803389072463 7.8445668220520011 14.061730457469821 40.637680742889643
leaf_count=22 30 64 69 47 54 71 87 49 63 47 461
internal_value=-0.00036133 -0.0021626 0.002193 -0.00336008 0 -0.0011359 -0.00392019 0 0.000873449 0.00191738 -0.0043498
internal_weight=141.324 91.7611 49.5631 59.4023 26.702 12.4337 51.9481 32.3588 27.2237 19.3791 43.6737
internal_count=1064 840 224 617 155 101 570 223 159 96 483
is_linear=0
shrinkage=0.0069078


Tree=64
num_leaves=9
num_cat=0
split_feature=9 10 4 5 4 5 10 6
split_gain=12.0781 10.557 5.32622 2.51573 2.27684 1.65652 1.84487 1.3906
threshold=0.039736842105263161 0.20169491525423733 34.500000000000007 103.95000000000002 38.500000000000007 80.350000000000009 0.36397058823529416 70.15000000000002
decision_type=2 2 2 2 2 2 2 2
left_child=3 2 -2 4 -1 6 -3 -4
right_child=1 5 7 -5 -6 -7 -8 -9
leaf_value=-0.0037097727692235604 0 -0.0026069676696193274 0 0 0 0 0 0.0040380965028358065
leaf_weight=32.220148410648108 16.101081367582083 20.702739058062438 3.840918466448783 8.6392769515514356 2.3234134316444388 7.9520857520401469 6.4356385320425025 53.824524151161313
leaf_count=342 123 249 25 36 10 32 52 221
internal_value=0 0.00141671 0.00291753 -0.00254936 -0.00324632 -0.000894055 -0.00177696 0.00379125
internal_weight=152.04 108.857 73.7665 43.1828 34.5436 35.0905 27.1384 57.6654
internal_count=1090 702 369 388 352 333 301 246
is_linear=0
shrinkage=0.0069078


Tree=65
num_leaves=8
num_cat=0
split_feature=4 2 6 3 6 4 10
split_gain=9.3417 4.63496 3.73139 2.38754 1.06182 0.934818 0.869749
threshold=36.500000000000007 15.500000000000002 108.35000000000001 53.500000000000007 113.35000000000001 34.500000000000007 0.19821428571428573
decision_type=2 2 2 2 2 2 2
left_child=1 2 3 -1 -4 -3 -2
right_child=6 5 4 -5 -6 -7 -8
leaf_value=0 0.0026730456896004486 0 0.0012864641902249493 -0.0034269814741733169 -0.0007787165972031302 0.0020808985441857423 0
leaf_weight=14.497332829982041 42.937464406713843 5.0863634552806598 12.529776871204378 42.141246546059847 15.513573113828896 7.524778850376606 11.127802561968563
leaf_count=118 165 35 55 452 182 18 65
internal_value=0 -0.0010426 -0.00181694 -0.0027239 0 0.00112146 0.00228662
internal_weight=151.358 97.2931 84.6819 56.6386 28.0433 12.6111 54.0653
internal_count=1090 860 807 570 237 53 230
is_linear=0
shrinkage=0.0069078


Tree=66
num_leaves=10
num_cat=0
split_feature=5 4 2 17 5 5 5 4 27
split_gain=12.0754 8.73846 4.03804 2.35003 2.11984 1.80185 1.0967 0.960162 0.610297
threshold=88.100000000000009 37.500000000000007 15.500000000000002 18.424166666666668 32.750000000000007 48.150000000000013 49.600000000000009 36.500000000000007 1.5000000000000002
decision_type=2 2 2 2 2 2 2 2 2
left_child=1 2 3 -1 7 -3 -6 -5 -2
right_child=8 5 -4 4 6 -7 -8 -9 -10
leaf_value=0 0.0034021257315823682 0.0024309403759946099 0 -0.0046189344782058646 0 0 -0.0015614428346347716 0 0
leaf_weight=3.8381226584315291 32.679175909608603 18.894193161278967 9.4069294016808254 33.635325003415346 17.035612322390083 5.8188084214925757 12.508469030261038 7.4770246483385554 9.9810595959424955
leaf_count=15 101 66 47 507 114 24 107 77 32
internal_value=0 -0.00101833 -0.0022236 -0.00279404 -0.00309659 0.00153204 -8.70318e-05 -0.0041525 0.00296287
internal_weight=151.275 108.614 83.9015 74.4946 70.6564 24.713 29.5441 41.1123 42.6602
internal_count=1090 957 867 820 805 90 221 584 133
is_linear=0
shrinkage=0.0069078


Tree=67
num_leaves=10
num_cat=0
split_feature=9 9 18 5 18 18 9 2 3
split_gain=11.6219 7.9074 3.89511 2.82719 2.343 2.28535 1.32321 0.948912 0.828574
threshold=0.039736842105263161 0.050633812847172707 34.500000000000007 103.95000000000002 37.500000000000007 38.500000000000007 0.13484848484848483 3.5000000000000004 51.500000000000007
decision_type=2 2 2 2 2 2 2 2 2
left_child=3 2 -2 5 6 -1 8 -4 -3
right_child=1 4 7 -5 -6 -7 -8 -9 -10
leaf_value=-0.0037733840052229001 0 0 0 0 0.0011176462821755142 0 0 0.0040087285871231301 -0.0022798518385362524
leaf_weight=31.378737589344382 13.282569061964749 2.6030601151287582 6.9537362977862349 8.6495016589760763 8.6916876435279828 2.2809166610240927 6.4529649205505839 42.518600506708026 28.280177347362041
leaf_count=342 102 13 38 36 24 10 52 165 308
internal_value=0 0.00137407 0.00288526 -0.00254204 -0.00018462 -0.00330555 -0.00140399 0.00365895 -0.00196715
internal_weight=151.092 108.783 62.7549 42.3092 46.0279 33.6597 37.3362 49.4723 30.8832
internal_count=1090 702 305 388 397 352 373 203 321
is_linear=0
shrinkage=0.0069078


Tree=68
num_leaves=8
num_cat=0
split_feature=5 4 4 5 5 5 4
split_gain=11.2164 8.21254 6.75349 2.49389 2.15109 3.48868 0.270038
threshold=31.950000000000006 35.500000000000007 33.500000000000007 26.250000000000004 88.100000000000009 48.150000000000013 37.500000000000007
decision_type=2 2 2 2 2 2 2
left_child=1 3 -2 -1 5 -4 -3
right_child=2 6 4 -5 -6 -7 -8
leaf_value=-0.0047828069902727637 -0.0014938715188205791 0 0.0021164679697650377 0 0.0037394595043739784 -0.00081393955624194179 0.00078320276317727061
leaf_weight=24.343768851831559 7.7517431490123263 20.317437049001455 24.826257601380348 4.6320729292929164 38.496385488659143 18.6506687104702 11.930960468947886
leaf_count=372 69 224 113 32 110 121 49
internal_value=0 -0.00189928 0.00168834 -0.00411864 0.00249403 0.000267422 0
internal_weight=150.949 61.2242 89.7251 28.9758 81.9733 43.4769 32.2484
internal_count=1090 677 413 404 344 234 273
is_linear=0
shrinkage=0.0069078


end of trees

feature_importances:
odds=118
popularity=92
horse_number=76
jockey_win_rate=75
time_seconds=46
race_avg_odds=31
weight=30
jockey_top3_rate=28
time_weight=26
popularity_rank=25
field_size=16
track_combined_encoded=13
distance=7
day_of_week=7
jockey_track_win_rate=3
track_type_encoded=2
age=1

parameters:
[boosting: gbdt]
[objective: lambdarank]
[metric: ndcg]
[tree_learner: serial]
[device_type: cpu]
[data_sample_strategy: bagging]
[data: ]
[valid: ]
[num_iterations: 69]
[learning_rate: 0.0069078]
[num_leaves: 16]
[num_threads: 0]
[seed: 42]
[deterministic: 0]
[force_col_wise: 0]
[force_row_wise: 0]
[histogram_pool_size: -1]
[max_depth: 8]
[min_data_in_leaf: 22]
[min_sum_hessian_in_leaf: 0.001]
[bagging_fraction: 0.705191]
[pos_bagging_fraction: 1]
[neg_bagging_fraction: 1]
[bagging_freq: 8]
[bagging_seed: 400]
[bagging_by_query: 0]
[feature_fraction: 0.624646]
[feature_fraction_bynode: 1]
[feature_fraction_seed: 30056]
[extra_trees: 0]
[extra_seed: 12879]
[early_stopping_round: 0]
[early_stopping_min_delta: 0]
[first_metric_only: 0]
[max_delta_step: 0]
[lambda_l1: 5.08571]
[lambda_l2: 9.07566]
[linear_lambda: 0]
[min_gain_to_split: 0.228798]
[drop_rate: 0.1]
[max_drop: 50]
[skip_drop: 0.5]
[xgboost_dart_mode: 0]
[uniform_drop: 0]
[drop_seed: 17869]
[top_rate: 0.2]
[other_rate: 0.1]
[min_data_per_group: 100]
[max_cat_threshold: 32]
[cat_l2: 10]
[cat_smooth: 10]
[max_cat_to_onehot: 4]
[top_k: 20]
[monotone_constraints: ]
[monotone_constraints_method: basic]
[monotone_penalty: 0]
[feature_contri: ]
[forcedsplits_filename: ]
[refit_decay_rate: 0.9]
[cegb_tradeoff: 1]
[cegb_penalty_split: 0]
[cegb_penalty_feature_lazy: ]
[cegb_penalty_feature_coupled: ]
[path_smooth: 0]
[interaction_constraints: ]
[verbosity: -1]
[saved_feature_importance_type: 0]
[use_quantized_grad: 0]
[num_grad_quant_bins: 4]
[quant_train_renew_leaf: 0]
[stochastic_rounding: 1]
[linear_tree: 0]
[max_bin: 255]
[max_bin_by_feature: ]
[min_data_in_bin: 3]
[bin_construct_sample_cnt: 200000]
[data_random_seed: 175]
[is_enable_sparse: 1]
[enable_bundle: 1]
[use_missing: 1]
[zero_as_missing: 0]
[feature_pre_filter: 1]
[pre_partition: 0]
[two_round: 0]
[header: 0]
[label_column: ]
[weight_column: ]
[group_column: ]
[ignore_column: ]
[categorical_feature: ]
[forcedbins_filename: ]
[precise_float_parser: 0]
[parser_config_file: ]
[objective_seed: 16083]
[num_class: 1]
[is_unbalance: 0]
[scale_pos_weight: 1]
[sigmoid: 1]
[boost_from_average: 1]
[reg_sqrt: 0]
[alpha: 0.9]
[fair_c: 1]
[poisson_max_delta_step: 0.7]
[tweedie_variance_power: 1.5]
[lambdarank_truncation_level: 30]
[lambdarank_norm: 1]
[label_gain: ]
[lambdarank_position_bias_regularization: 0]
[eval_at: 1,3,5]
[multi_error_top_k: 1]
[auc_mu_weights: ]
[num_machines: 1]
[local_listen_port: 12400]
[time_out: 120]
[machine_list_filename: ]
[machines: ]
[gpu_platform_id: -1]
[gpu_device_id: -1]
[gpu_use_dp: 0]
[num_gpu: 1]

end of parameters

pandas_categorical:[]
