tree
version=v4
num_class=1
num_tree_per_iteration=1
label_index=0
max_feature_idx=28
objective=lambdarank
feature_names=distance venue_code horse_number weight popularity odds time_seconds age year jockey_win_rate jockey_top3_rate jockey_track_win_rate horse_win_rate horse_top3_rate horse_race_count horse_dist_win_rate field_size race_avg_odds popularity_rank month day_of_week track_type_encoded track_condition_encoded weather_encoded sex_encoded distance_category_encoded season_encoded track_combined_encoded time_weight
feature_infos=[1000:2600] [5:8] [1:18] [48:59] [31:57] [1.5:494.69999999999999] [54.200000000000003:164.69999999999999] [2:11] [2016:2024] [0:0.25] [0:0.53594771241830064] [0:1] [0:1] [0:1] [1:4] [0:1] [8:51] [13.8375:93.681250000000006] [31:57] [2:4] [0:6] [0:1] [0:2] [0:2] [0:2] [0:3] [0:3] [0:12] [0.0034633729325233001:1]
tree_sizes=526 1105 1385 1285 1285 1048 1201 932 1015 1310 998 1023 1038 1132 905 1136 1516 916 1031 1105 1173 1104 915 1024 1226 1074 897 990 805 809 722 811 927 926 1249 906 1121 867 928 1097 1090 751 900 743 819 953 643 808 1038 1291 931 1018 670 928 1085 1018 1086 1084 979 917 913 913 1263 1004 1161 827 1001 1154 1156

Tree=0
num_leaves=4
num_cat=0
split_feature=5 4 5
split_gain=21.3254 5.6542 1.80387
threshold=15.100000000000001 36.500000000000007 26.350000000000005
decision_type=2 2 2
left_child=1 -1 -2
right_child=2 -3 -4
leaf_value=-0.0055534015409941413 0 0 0.0041107926401021061
leaf_weight=15.725718759233134 9.7510002886410785 6.7705583628267041 26.939206121023744
leaf_count=352 176 90 455
internal_value=0 -0.00395991 0.00337896
internal_weight=59.1865 22.4963 36.6902
internal_count=1073 442 631
is_linear=0
shrinkage=0.0069078


Tree=1
num_leaves=10
num_cat=0
split_feature=5 18 10 0 11 5 18 9 5
split_gain=48.657 40.1821 16.0348 3.53299 2.22974 2.41378 2.28605 2.84117 1.99365
threshold=94.550000000000011 37.500000000000007 0.21182053494391712 1175.0000000000002 0.18333333333333332 80.750000000000014 36.500000000000007 0.13484848484848483 24.850000000000005
decision_type=2 2 2 2 2 2 2 2 2
left_child=1 3 -2 -1 5 6 7 -5 -8
right_child=2 -3 -4 4 -6 -7 8 -9 -10
leaf_value=0 0.0071872023745310825 0.0045361790331698466 0 -0.0047759052808112636 0 0 0.00035845490237522068 0 -0.0020956723989595562
leaf_weight=12.886440664529799 42.45917446911335 29.367713365703821 9.8489727303385717 86.884268606081605 6.3924050331115714 9.1240525133907777 11.734565112739803 6.3367717247456303 11.9936166703701
leaf_count=76 92 83 25 561 48 28 72 52 36
internal_value=0.000109012 -0.00152542 0.00555903 -0.00317224 -0.00348861 -0.00367876 -0.00392773 -0.00448007 -4.76687e-05
internal_weight=227.028 174.72 52.3081 145.352 132.466 126.073 116.949 93.221 23.7282
internal_count=1073 956 117 873 797 749 721 613 108
is_linear=0
shrinkage=0.0069078


Tree=2
num_leaves=13
num_cat=0
split_feature=4 21 4 2 7 16 3 16 16 7 3 28
split_gain=40.6909 17.2563 17.2832 17.8098 6.95057 2.80954 2.53533 2.32084 2.15227 1.99039 1.94239 1.1877
threshold=37.500000000000007 1.0000000180025095e-35 34.500000000000007 3.5000000000000004 5.5000000000000009 13.500000000000002 50.500000000000007 12.500000000000002 13.500000000000002 3.5000000000000004 54.500000000000007 0.0075465219720273003
decision_type=2 2 2 2 2 2 2 2 2 2 2 2
left_child=1 2 4 -4 6 -3 -1 -8 -5 -10 -6 -11
right_child=-2 5 3 8 10 -7 7 -9 9 11 -12 -13
leaf_value=0 0.005616048571567279 0 -0.0032157080920749929 0 0.0012852274521562331 -0.0060167688198782526 0 -0.0054945585436462514 0 0 -0.001480341392273124 0.0045217486037421872
leaf_weight=2.7832007035613051 47.091945867985487 6.709677159786227 12.25375137105584 8.2234922200441343 16.885564848780636 22.89744921028614 5.7163421027362373 25.021224670112133 9.8659118786454183 7.1019046418368807 13.650935489684342 51.686270970851183
leaf_count=13 98 32 84 25 55 165 29 223 58 35 92 164
internal_value=0.000353302 -0.00102091 0 0.0019112 -0.00252427 -0.00514358 -0.00432737 -0.00480353 0.00339037 0.00374592 0 0.00417988
internal_weight=229.888 182.796 153.189 89.1313 64.0573 29.6071 33.5208 30.7376 76.8776 68.6541 30.5365 58.7882
internal_count=1073 975 778 366 412 197 265 252 282 257 147 199
is_linear=0
shrinkage=0.0069078


Tree=3
num_leaves=11
num_cat=0
split_feature=5 4 5 5 4 27 9 5 10 5
split_gain=79.8241 53.9276 15.7495 3.25732 3.0647 4.63194 2.68085 1.88316 0.821748 0.331409
threshold=80.750000000000014 36.500000000000007 26.350000000000005 40.300000000000004 38.500000000000007 6.0000000000000009 0.025167084377610654 18.450000000000003 0.27126436781609192 36.95000000000001
decision_type=2 2 2 2 2 2 2 2 2 2
left_child=1 2 -1 8 5 -3 -2 -7 -4 -9
right_child=6 4 3 -5 -6 7 -8 9 -10 -11
leaf_value=-0.0076613843654545905 0.00021447033967399883 0.0028466649512087238 0 -0.0025034658925076271 0.0047142411191784337 -0.002559461627316358 0.0066713327546726511 0.00093141545154790161 0.0015121878120415151 -1.5483455542098862e-05
leaf_weight=57.024351786822081 16.232520427554846 16.226487632840872 11.305306307971479 19.555770087987185 13.384919203817843 7.4558770302683142 58.824122615158558 9.1478610374033469 8.1616904661059362 9.9614286907017213
leaf_count=492 43 47 69 135 27 65 111 28 26 30
internal_value=0.000296765 -0.00240713 -0.00547624 -0.000709556 0.00233369 0.000217145 0.00586625 -0.000719201 8.47232e-05 0
internal_weight=227.28 152.224 96.0471 39.0228 56.1766 42.7917 75.0566 26.5652 19.467 19.1093
internal_count=1073 919 722 230 197 170 154 123 95 58
is_linear=0
shrinkage=0.0069078


Tree=4
num_leaves=12
num_cat=0
split_feature=5 5 2 28 2 7 5 5 5 6 5
split_gain=69.939 20.2634 6.17352 4.47293 4.2715 3.6663 3.26638 0.780045 0.450621 0.369591 0.276788
threshold=26.350000000000005 94.550000000000011 13.500000000000002 0.91237457476825357 7.5000000000000009 2.5000000000000004 48.300000000000004 56.95000000000001 36.150000000000013 72.550000000000011 15.100000000000001
decision_type=2 2 2 2 2 2 2 2 2 2 2
left_child=2 4 3 5 7 -1 9 8 -2 -6 -4
right_child=1 -3 10 -5 6 -7 -8 -9 -10 -11 -12
leaf_value=0 0 0.0060092096016208657 -0.00068195132682452283 0 0 -0.0059769466050777886 0 0 -0.0021316868051359261 0.0034752097047391294 0.00059019940660394021
leaf_weight=3.0144537761807433 6.9101852998137536 62.86032185330987 7.1557564139366132 9.2130514010786992 7.6291044354438808 58.004293404519558 15.368480652570723 12.117440234869717 12.011871103197334 19.513800255954266 7.1706645861268044
leaf_count=17 31 117 63 62 43 448 71 58 80 55 28
internal_value=0.000226768 0.00335313 -0.00427771 -0.00503178 0.000247217 -0.00562954 0.00182479 -0.000961672 -0.00162928 0.00300769 0
internal_weight=220.969 136.411 84.5582 70.2318 73.5509 61.0187 42.5114 31.0395 18.9221 27.1429 14.3264
internal_count=1073 455 618 527 338 465 169 169 111 98 91
is_linear=0
shrinkage=0.0069078


Tree=5
num_leaves=9
num_cat=0
split_feature=4 27 4 7 9 9 16 3
split_gain=32.9968 13.5354 16.3455 8.16789 6.33626 8.20705 2.39166 0.827723
threshold=37.500000000000007 1.5000000000000002 34.500000000000007 5.5000000000000009 0.041213921901527957 0.049515639589168957 13.500000000000002 55.500000000000007
decision_type=2 2 2 2 2 2 2 2
left_child=1 2 3 -1 -4 -6 -3 -5
right_child=-2 6 4 7 5 -7 -8 -9
leaf_value=-0.0045984803305801521 0.0051869639244780065 0 -0.00013833328633482242 0.00092861846228537196 0.0050352123945188168 0 -0.0051588710657964783 -0.00089825097000761998
leaf_weight=29.738275393843651 43.153664797544479 6.7945325598120681 17.908156018704176 18.241102404892448 32.040089551359415 29.97522746771574 26.335561130195856 10.681235723197458
leaf_count=265 98 32 104 72 83 153 192 74
internal_value=0.000241905 -0.00100452 0 -0.0025225 0.00198015 0.00302564 -0.00443006 0
internal_weight=214.868 171.714 138.584 58.6606 79.9235 62.0153 33.1301 28.9223
internal_count=1073 975 751 411 340 236 224 146
is_linear=0
shrinkage=0.0069078


Tree=6
num_leaves=11
num_cat=0
split_feature=5 5 2 28 7 2 28 28 28 28
split_gain=68.5933 19.4279 5.93864 5.18804 3.40941 3.00185 4.05341 1.98838 0.529727 0.93325
threshold=26.350000000000005 94.550000000000011 13.500000000000002 0.91237457476825357 2.5000000000000004 7.5000000000000009 0.23466327634511161 0.0075465219720273003 0.12067328758787181 0.0054034950050251508
decision_type=2 2 2 2 2 2 2 2 2 2
left_child=2 5 3 4 -1 8 7 -7 9 -2
right_child=1 -3 -4 -5 -6 6 -8 -9 -10 -11
leaf_value=0 0 0.0060026776900796597 0 0 -0.0061667188981814787 0 -2.2925347942494459e-05 0.0034431113121944357 0 -0.0020861418702597372
leaf_weight=2.8663553297519675 3.7491385936737087 61.28266142308712 14.345808841288088 9.0151567198336107 53.207268783822656 7.1465680599212638 8.3702068962156755 26.568852610886097 16.277996212244034 10.515048481523989
leaf_count=17 14 117 91 62 448 33 47 89 78 77
internal_value=0.000271221 0.00336034 -0.00435007 -0.00513853 -0.00581877 0.000281665 0.00162004 0.00276727 -0.000624452 -0.00132095
internal_weight=213.345 133.91 79.4346 65.0888 56.0736 72.6278 42.0856 33.7154 30.5422 14.2642
internal_count=1073 455 618 527 465 338 169 122 169 91
is_linear=0
shrinkage=0.0069078


Tree=7
num_leaves=8
num_cat=0
split_feature=5 18 5 18 2 5 18
split_gain=63.2872 33.4471 16.1005 3.32962 3.75922 1.88121 1.51643
threshold=26.350000000000005 36.500000000000007 94.550000000000011 33.500000000000007 7.5000000000000009 48.300000000000004 37.500000000000007
decision_type=2 2 2 2 2 2 2
left_child=1 -1 3 -2 -5 -6 -3
right_child=2 6 -4 4 5 -7 -8
leaf_value=-0.007285292878643667 -0.0017949591467367688 0 0.0057229287870519431 0 0.003386176999789305 0 0.0020506954541094596
leaf_weight=49.130491759628057 6.7956392243504515 12.732707113027574 60.575234021991491 26.542885754257441 24.772145792841911 13.368152126669882 14.020425781607626
leaf_count=492 55 78 117 145 79 59 48
internal_value=0.00032039 -0.00422708 0.00328626 0.000373052 0.00126995 0.00251368 0.000831413
internal_weight=207.938 75.8836 132.054 71.4788 64.6832 38.1403 26.7531
internal_count=1073 618 455 338 283 138 126
is_linear=0
shrinkage=0.0069078


Tree=8
num_leaves=9
num_cat=0
split_feature=5 4 5 4 6 5 4 6
split_gain=47.2081 35.0924 11.6777 2.91058 3.34517 2.55766 0.950314 0.302309
threshold=26.350000000000005 36.500000000000007 94.550000000000011 33.500000000000007 73.350000000000009 47.400000000000006 37.500000000000007 70.950000000000017
decision_type=2 2 2 2 2 2 2 2
left_child=1 -1 3 -2 -5 -6 -3 -4
right_child=2 6 7 4 5 -7 -8 -9
leaf_value=-0.0073137230709859318 -0.0020308752749018371 0 0 -5.9682387789560902e-05 0.0033206110349552074 0 0.00204568562684833 0.0051823375347411407
leaf_weight=47.362423371523619 8.3640907295048219 11.686062667518856 13.969246685504912 20.380791753530502 22.532130852341652 16.885519474744797 13.369042113423346 44.220990754663944
leaf_count=510 62 72 39 127 64 78 45 74
internal_value=0 -0.00413436 0.00251954 0 0.000985983 0.00216108 0.00119305 0.00458964
internal_weight=198.77 72.4175 126.353 68.1625 59.7984 39.4177 25.0551 58.1902
internal_count=1071 627 444 331 269 142 117 113
is_linear=0
shrinkage=0.0069078


Tree=9
num_leaves=12
num_cat=0
split_feature=18 7 18 3 3 6 28 6 28 6 6
split_gain=34.489 8.81463 3.65319 2.81158 2.66376 2.11231 1.58041 0.691143 0.487558 0.293664 1.08766
threshold=36.500000000000007 5.5000000000000009 37.500000000000007 51.500000000000007 55.500000000000007 81.250000000000014 0.0037701353311524002 70.750000000000014 0.34641133334894431 97.100000000000009 106.45000000000002
decision_type=2 2 2 2 2 2 2 2 2 2 2
left_child=1 3 9 -1 5 7 -5 -3 -6 -2 -11
right_child=2 4 -4 6 8 -7 -8 -9 -10 10 -12
leaf_value=0 0.00083574493871615312 0.00042532065584710294 0.0051623150445919185 0 -0.0020596384272500018 0.0024948649436600263 -0.0039359192977451909 -0.0013259095521525337 0 -0.0018372317827291249 0.00050290899834146846
leaf_weight=4.9089898616075507 10.986755080521108 14.695180125534536 38.36131426692009 2.666991025209426 13.241338478401305 16.067134939134121 67.48758521489799 7.2378273680806151 6.2816677764058104 4.9932578913867465 8.3697395622730237
leaf_count=27 47 66 93 21 85 48 523 49 37 44 31
internal_value=0 -0.00198091 0.00389638 -0.00340672 0 0.00108778 -0.00374408 0 -0.00158014 0 0
internal_weight=195.298 132.587 62.7111 75.0636 57.5231 38.0001 70.1546 21.933 19.523 24.3498 13.363
internal_count=1071 856 215 571 285 163 544 115 122 122 75
is_linear=0
shrinkage=0.0069078


Tree=10
num_leaves=9
num_cat=0
split_feature=18 7 28 9 18 9 28 28
split_gain=36.0056 9.2889 2.83266 2.75274 2.15184 2.0154 1.65822 1.56643
threshold=36.500000000000007 5.5000000000000009 0.062240701720683307 0.029513888888888853 37.500000000000007 0.049515639589168957 0.99621173576945232 0.006932307399628951
decision_type=2 2 2 2 2 2 2 2
left_child=1 6 7 -4 -2 -5 -1 -3
right_child=4 2 3 5 -6 -7 -8 -9
leaf_value=-0.0037153800629636542 0.00025351683832427091 0 0 0.0034908642018057772 0.0051172619634671625 0 0 -0.0021530131463544612
leaf_weight=68.173911102116108 24.28026769682765 9.5477865599095839 4.8140129670500782 16.052858788520101 39.600749351084232 8.283923761919139 4.7331096567213526 19.23217448592186
leaf_count=535 122 38 38 39 93 50 36 120
internal_value=0 -0.0019718 0 0.0014348 0.00401166 0.0025073 -0.00347015 -0.0012214
internal_weight=194.719 130.838 57.9308 29.1508 63.881 24.3368 72.907 28.78
internal_count=1071 856 285 127 215 89 571 158
is_linear=0
shrinkage=0.0069078


Tree=11
num_leaves=9
num_cat=0
split_feature=4 7 28 9 3 28 19 4
split_gain=38.8533 6.64137 3.0091 2.95135 2.73396 2.18151 2.08536 1.16563
threshold=36.500000000000007 5.5000000000000009 0.062240701720683307 0.029513888888888853 51.500000000000007 0.006932307399628951 3.5000000000000004 37.500000000000007
decision_type=2 2 2 2 2 2 2 2
left_child=1 4 5 -4 -1 -3 -5 -2
right_child=7 2 3 6 -6 -7 -8 -9
leaf_value=0 0.00043024810823512577 0 -3.5443262238738888e-05 0 -0.0037014848960579068 -0.0026729925424629447 0.0033414318819949209 0.0051231753388506591
leaf_weight=4.9090303201228371 23.888834144920111 9.6022342480719107 4.7917048260569599 6.9618785530328777 66.598259603604674 18.393776711076498 17.053937330842018 40.990171641111374
leaf_count=27 122 38 38 30 544 120 59 93
internal_value=0 -0.00207132 0 0.00116503 -0.00335372 -0.00157678 0.00241021 0.0041351
internal_weight=193.19 128.311 56.8035 28.8075 71.5073 27.996 24.0158 64.879
internal_count=1071 856 285 127 571 158 89 215
is_linear=0
shrinkage=0.0069078


Tree=12
num_leaves=9
num_cat=0
split_feature=5 4 5 4 5 10 6 6
split_gain=40.4706 51.9076 4.63033 4.60625 2.92028 2.28947 1.99469 4.0222
threshold=76.200000000000003 36.500000000000007 26.350000000000005 38.500000000000007 29.100000000000005 0.13118961352657002 72.850000000000009 107.65000000000002
decision_type=2 2 2 2 2 2 2 2
left_child=1 2 -1 6 -4 -2 -3 -8
right_child=5 3 4 -5 -6 -7 7 -9
leaf_value=-0.0071031511234248921 0 0.0021334265894136502 0 0.005309422043852572 -0.0024384253607820094 0.004809568945477084 -0.0029703954481870155 0.00086659614795783497
leaf_weight=44.891841931268573 9.7566096782684308 11.078965336084368 5.9008590355515471 15.505069293081759 30.500639289617538 53.446581840515137 11.508966840803625 9.2403435632586461
leaf_count=510 32 38 19 29 202 125 84 32
internal_value=0 -0.0020772 -0.00536172 0.00289612 -0.00145267 0.00430093 0 -0.000340012
internal_weight=191.83 128.627 81.2933 47.3333 36.4015 63.2032 31.8283 20.7493
internal_count=1071 914 731 183 221 157 154 116
is_linear=0
shrinkage=0.0069078


Tree=13
num_leaves=10
num_cat=0
split_feature=4 5 5 5 5 4 6 6 5
split_gain=37.8786 50.2128 3.41784 2.94254 2.18601 1.61537 0.511239 0.615335 0.244814
threshold=36.500000000000007 76.200000000000003 26.350000000000005 29.100000000000005 149.95000000000002 37.500000000000007 97.100000000000009 108.65000000000002 96.15000000000002
decision_type=2 2 2 2 2 2 2 2 2
left_child=1 2 -1 -4 8 6 -2 -8 -3
right_child=5 4 3 -5 -6 -7 7 -9 -10
leaf_value=-0.0070033617627027383 0.0011834700627079715 0.00075914135609054037 0 -0.0025061233378167462 0.0040043967346254242 0.0050910716620271891 -0.0013313121403218252 0.00044555584226159097 0
leaf_weight=43.824199901893735 11.374676570296289 11.195157632231714 5.8458822481334201 29.632911693304777 25.58436382189393 40.721558943390846 5.6497907787561399 7.3615357764065266 8.7988187596201879
leaf_count=510 47 39 19 202 55 93 51 24 31
internal_value=0 -0.00209799 -0.00535484 -0.00151827 0.00287411 0.00405178 0.000356285 0 0
internal_weight=189.989 124.881 79.303 35.4788 45.5783 65.1076 24.386 13.0113 19.994
internal_count=1071 856 731 221 125 215 122 75 70
is_linear=0
shrinkage=0.0069078


Tree=14
num_leaves=8
num_cat=0
split_feature=18 5 9 5 5 5 5
split_gain=36.1174 46.7824 4.95588 2.97151 2.79262 1.99934 1.69516
threshold=36.500000000000007 76.200000000000003 0.050633812847172707 26.350000000000005 29.100000000000005 7.2500000000000009 149.95000000000002
decision_type=2 2 2 2 2 2 2
left_child=1 3 6 -1 -5 -2 -3
right_child=5 2 -4 4 -6 -7 -8
leaf_value=-0.0068283082364334127 0 0 0 0 -0.0024389321293345882 0.0044072075269954991 0.0048484963204069734
leaf_weight=42.665847035124898 8.2113445363938791 13.664794009178875 10.188636280596254 5.8357518687844268 29.062027852982283 56.688710488379002 21.845914863049984
leaf_count=510 46 48 35 19 202 169 42
internal_value=0 -0.00202276 0.00273433 -0.00522388 -0.00145896 0.00399722 0.00380644
internal_weight=188.163 123.263 45.6993 77.5636 34.8978 64.9001 35.5107
internal_count=1071 856 125 731 221 215 90
is_linear=0
shrinkage=0.0069078


Tree=15
num_leaves=10
num_cat=0
split_feature=5 4 5 4 17 6 6 5 9
split_gain=36.6862 38.4898 9.65271 6.15736 2.09464 2.05651 3.75975 2.03624 1.49044
threshold=94.550000000000011 36.500000000000007 26.350000000000005 38.500000000000007 30.412500000000005 72.850000000000009 107.65000000000002 28.350000000000005 0.049515639589168957
decision_type=2 2 2 2 2 2 2 2 2
left_child=1 2 -1 5 -4 -3 -7 -6 -2
right_child=8 3 4 -5 7 6 -8 -9 -10
leaf_value=-0.0067247493516047665 0.0052596090246007504 0.0019915847501332865 0 0.0050844430148023817 0 -0.0030765175585051635 0.00025660985735252354 -0.0025977668524712351 0
leaf_weight=42.01056350953877 41.998972207307816 10.863920666277407 14.751027312129734 16.270000860095024 3.085348047316077 11.760138895362617 9.7587161138653737 25.32734265550971 10.829880170524119
leaf_count=510 80 38 58 30 11 87 35 189 33
internal_value=5.71455e-05 -0.00169268 -0.00447176 0.0025021 -0.000819105 0 -0.000788951 -0.00189766 0.00465564
internal_weight=186.656 133.827 85.1743 48.6528 43.1637 32.3828 21.5189 28.4127 52.8289
internal_count=1071 958 768 190 258 160 122 200 113
is_linear=0
shrinkage=0.0069078


Tree=16
num_leaves=14
num_cat=0
split_feature=4 4 6 6 28 28 4 10 6 2 6 6 6
split_gain=25.9973 5.50007 4.25737 5.67192 3.00274 2.61731 2.2982 1.38993 1.77107 0.620027 0.508138 0.734226 0.391548
threshold=35.500000000000007 38.500000000000007 108.55000000000001 94.65000000000002 0.021633934661088504 0.99905158556052898 34.500000000000007 0.43123138033763658 121.00000000000001 8.5000000000000018 70.15000000000002 104.65000000000002 108.85000000000001
decision_type=2 2 2 2 2 2 2 2 2 2 2 2 2
left_child=5 2 3 4 -2 6 7 8 -1 -6 -8 -12 -13
right_child=1 -3 -4 -5 9 -7 10 -9 -10 -11 11 12 -14
leaf_value=-0.0047725473049932314 -0.0001600490543352989 0.004997318014210635 0.0026762601549600116 -0.0029835558875844262 0 0 -0.001209887536738116 0 0 0.0030263791624627889 0.0010865393351986736 -0.001309678885787288 0
leaf_weight=37.803438510745764 8.4308192878961545 22.610466942191124 23.203019555658102 17.092676781117916 10.507232435047628 6.2419714853167525 8.2347419373691064 3.6612715385854235 2.5374888479709616 13.885057449340819 14.565605612471701 5.9712168760597688 3.3600409459322691
leaf_count=340 75 40 89 110 57 37 79 27 22 50 64 41 21
internal_value=0 0.00230547 0.000585774 -5.26804e-05 0.000950767 -0.00273379 -0.00308007 -0.00415636 -0.00446065 0.00232368 -0.000162809 0 -0.000622182
internal_weight=178.105 95.7293 73.1188 49.9158 32.8231 82.3758 76.1338 44.0022 40.3409 24.3923 32.1316 23.8969 9.33126
internal_count=1052 421 381 292 182 631 594 389 362 107 205 126 62
is_linear=0
shrinkage=0.0069078


Tree=17
num_leaves=8
num_cat=0
split_feature=5 4 4 17 11 11 17
split_gain=36.0469 35.3726 7.08968 2.7217 2.63576 1.90909 1.40676
threshold=76.200000000000003 38.500000000000007 36.500000000000007 18.424166666666668 0.07275132275132272 0.054093567251461951 35.220208333333339
decision_type=2 2 2 2 2 2 2
left_child=1 2 3 -1 5 -2 -4
right_child=4 -3 6 -5 -6 -7 -8
leaf_value=0 0 0.0048436400195469497 -0.0016839403184455749 -0.005403169726464473 0 0.005012892363446389 0.00034189444845527479
leaf_weight=3.5749249309301367 11.710680797696112 15.481027558445929 13.562496561557056 67.391351388767362 8.3738674223422986 42.040708445012569 16.019352212548256
leaf_count=13 44 28 85 693 33 85 71
internal_value=0 -0.00228367 -0.00401166 -0.00512521 0.0038723 0.00435834 0
internal_weight=178.154 116.029 100.548 70.9663 62.1253 53.7514 29.5818
internal_count=1052 890 862 706 162 129 156
is_linear=0
shrinkage=0.0069078


Tree=18
num_leaves=9
num_cat=0
split_feature=5 4 4 28 9 5 5 2
split_gain=33.0603 34.0043 5.25358 2.80503 4.67408 1.99711 1.72264 1.50765
threshold=76.200000000000003 38.500000000000007 36.500000000000007 0.015062197996547752 0.025167084377610654 27.050000000000004 40.300000000000004 10.500000000000002
decision_type=2 2 2 2 2 2 2 2
left_child=1 2 5 -2 -5 -1 -7 -4
right_child=3 -3 7 4 -6 6 -8 -9
leaf_value=-0.0063427943535522132 0 0.0046830879767571732 -0.0017028606321864261 0 0.0052776351221055558 0 -0.00237684749262752 0.00026065786869034917
leaf_weight=40.69307498075068 14.299600087106226 15.682125277817248 15.205107096582653 9.861975144594906 38.00565368309617 15.613192126154901 13.696259561926125 13.541640184819697
leaf_count=499 46 28 102 38 78 88 119 54
internal_value=0 -0.00224607 -0.00397385 0.00366029 0.00437181 -0.00497012 -0.00110002 -8.46924e-06
internal_weight=176.599 114.431 98.7493 62.1672 47.8676 70.0025 29.3095 28.7467
internal_count=1052 890 862 162 116 706 207 156
is_linear=0
shrinkage=0.0069078


Tree=19
num_leaves=10
num_cat=0
split_feature=4 4 3 10 28 11 10 28 11
split_gain=25.3467 4.94267 3.02319 4.6018 2.57853 2.41403 1.75134 1.07937 0.230847
threshold=35.500000000000007 38.500000000000007 55.500000000000007 0.19821428571428573 0.99905158556052898 0.054093567251461951 0.43123138033763658 0.12422699837567061 0.16025641025641021
decision_type=2 2 2 2 2 2 2 2 2
left_child=4 2 3 5 6 -2 -1 -4 -5
right_child=1 -3 7 8 -6 -7 -8 -9 -10
leaf_value=-0.0033448289421713854 0 0.0048111143853534089 -0.0016817280388717088 -0.00083279306587111268 0 0.0034656208954934446 0 0 0
leaf_weight=70.214649954810739 6.3063208553940049 22.905375190079212 12.22742446511984 7.4616009555757028 6.0283989012241355 32.091819059103727 4.6266266815364352 10.150980088859795 2.7333034202456474
leaf_count=562 38 40 86 65 37 123 32 51 18
internal_value=0 0.0022668 0.000554386 0.00166629 -0.00275054 0.00282642 -0.00309438 -0.000527261 -0.000153458
internal_weight=174.746 93.8768 70.9714 48.593 80.8697 38.3981 74.8413 22.3784 10.1949
internal_count=1052 421 381 244 631 161 594 137 83
is_linear=0
shrinkage=0.0069078


Tree=20
num_leaves=11
num_cat=0
split_feature=5 5 2 6 5 10 28 6 5 2
split_gain=33.9918 6.53324 8.50756 5.68433 4.282 2.50041 3.07315 1.1028 0.474262 0.272565
threshold=76.200000000000003 14.750000000000002 7.5000000000000009 123.05000000000001 48.300000000000004 0.12074829931972787 0.015062197996547752 113.65000000000002 56.95000000000001 14.500000000000002
decision_type=2 2 2 2 2 2 2 2 2 2
left_child=1 3 8 -1 7 -2 -7 9 -3 -4
right_child=5 2 4 -5 -6 6 -8 -9 -10 -11
leaf_value=-0.0049912292406460185 0 -0.0035905047205103051 0.0027993598398105284 0 -0.0011347994592473265 0 0.0049212821656400216 0 0 0
leaf_weight=39.052665919065475 7.5660613328218451 20.640846101567153 29.22149377502501 3.741123989224433 6.9977943897247306 11.1046135276556 43.222770161926746 4.531809013336896 3.0733748450875273 5.4379833340644828
leaf_count=413 29 184 138 20 56 36 97 24 23 32
internal_value=0 -0.00225889 -0.000260491 -0.00422921 0.00095927 0.00375499 0.0042029 0.0022041 -0.0033156 0.00256216
internal_weight=174.591 112.697 69.9033 42.7938 46.1891 61.8934 54.3274 39.1913 23.7142 34.6595
internal_count=1052 890 457 433 250 162 133 194 207 170
is_linear=0
shrinkage=0.0069078


Tree=21
num_leaves=10
num_cat=0
split_feature=18 9 9 28 6 10 3 6 18
split_gain=25.5249 5.14933 6.41205 2.55931 1.93795 2.55882 1.66532 0.875792 0.401727
threshold=35.500000000000007 0.03608470181503886 0.050633812847172707 0.99905158556052898 119.95000000000002 0.43123138033763658 55.500000000000007 106.05000000000001 38.500000000000007
decision_type=2 2 2 2 2 2 2 2 2
left_child=3 8 6 4 5 -1 -3 -4 -2
right_child=1 2 7 -5 -6 -7 -8 -9 -10
leaf_value=-0.0038305853533833968 -0.00078066397110443202 0.005178806657828521 -0.0010223774038186535 0 0 0 0 0.00097261408516588401 0.00042591500298057549
leaf_weight=61.712138148024678 17.972501337528232 33.696196999400854 9.7256834264844674 5.9571732804179183 7.5032747425138941 4.4303800091147414 11.49705710634589 14.327193044126032 5.7276785075664511
leaf_count=511 116 96 84 37 55 28 52 62 11
internal_value=0 0.00224893 0.00311855 -0.00281357 -0.00315636 -0.00349082 0.00443552 0 0
internal_weight=172.549 92.9463 69.2461 79.603 73.6458 66.1425 45.1933 24.0529 23.7002
internal_count=1052 421 294 631 594 539 148 146 127
is_linear=0
shrinkage=0.0069078


Tree=22
num_leaves=8
num_cat=0
split_feature=5 4 4 11 5 5 2
split_gain=31.8128 32.6528 3.40625 2.14488 1.92083 1.96767 0.364663
threshold=76.200000000000003 37.500000000000007 38.500000000000007 0.054093567251461951 28.650000000000002 40.300000000000004 7.5000000000000009
decision_type=2 2 2 2 2 2 2
left_child=1 4 -3 -2 -1 6 -6
right_child=3 2 -4 -5 5 -7 -8
leaf_value=-0.0055440636585815418 0 0 0.0045492742227730976 0.0041666112545269158 0 -0.0022572696839228104 0.0009183122347472491
leaf_weight=52.36170114018023 11.50397280231118 11.910310789942743 14.779392644762991 49.490672048181295 4.1389397308230427 15.998627532273529 11.558680705726145
leaf_count=581 44 55 28 118 40 139 47
internal_value=0 -0.00224448 0.00304291 0.00361245 -0.00443345 -0.000911405 0
internal_weight=171.742 110.748 26.6897 60.9946 84.0579 31.6962 15.6976
internal_count=1052 890 83 162 807 226 87
is_linear=0
shrinkage=0.0069078


Tree=23
num_leaves=9
num_cat=0
split_feature=4 4 28 28 11 4 24 11
split_gain=24.0858 5.13442 2.36196 1.77572 3.2172 1.39981 0.964947 0.235227
threshold=35.500000000000007 37.500000000000007 0.99905158556052898 0.031006966156462801 0.054093567251461951 34.500000000000007 1.0000000180025095e-35 0.07275132275132272
decision_type=2 2 2 2 2 2 2 2
left_child=2 3 5 6 -5 -1 -2 -6
right_child=1 -3 -4 4 7 -7 -8 -9
leaf_value=-0.0040337656210292496 -0.0017953412185702136 0.0039551013687341117 0 0 0.0027349687386722873 -0.00022056326217772073 0 0
leaf_weight=42.085740419104695 9.5574176516383886 38.193029221147299 5.874191138893365 7.6441880017518988 22.406813133507971 30.400368256494403 8.7671348787844181 5.3263825550675383
leaf_count=389 91 102 37 51 86 205 51 40
internal_value=0 0.00221289 -0.00273675 2.15612e-05 0.00126156 -0.00306775 -0.000715161 0.00246834
internal_weight=170.255 91.895 78.3603 53.7019 35.3774 72.4861 18.3246 27.7332
internal_count=1052 421 631 319 177 594 142 126
is_linear=0
shrinkage=0.0069078


Tree=24
num_leaves=11
num_cat=0
split_feature=4 6 2 28 3 4 1 28 3 6
split_gain=29.1088 7.42742 3.82575 5.03284 2.76422 1.98977 3.03265 0.894728 0.891098 0.692645
threshold=37.500000000000007 108.95000000000002 10.500000000000002 0.99905158556052898 57.500000000000007 33.500000000000007 7.0000000000000009 0.24153382558291561 55.500000000000007 110.10000000000001
decision_type=2 2 2 2 2 2 2 2 2 2
left_child=1 2 3 4 -1 -3 9 -4 -2 -7
right_child=8 5 7 -5 -6 6 -8 -9 -10 -11
leaf_value=-0.0047529102948020334 0.0049217206726242411 -0.00098151542907646779 0 0 0 0.00018044055765930231 0.0031902352803374993 -0.0016265796817225022 0 -0.0014805133730780306
leaf_weight=57.589505795389414 26.297474563121796 5.4588271304965046 31.191642191261053 4.3234946131706229 3.3077823128551236 4.2941294014453888 13.104120356962085 7.089913807809352 9.9789717048406583 5.8045082129538059
leaf_count=486 54 65 193 20 17 11 46 75 36 61
internal_value=-0.000355436 -0.0020561 -0.00290712 -0.00390667 -0.00443139 4.62142e-05 0.00158437 -4.00211e-05 0.00423743 0
internal_weight=168.44 132.164 103.502 65.2208 60.8973 28.6616 23.2028 38.2816 36.2764 10.0986
internal_count=1064 974 791 523 503 183 118 268 90 72
is_linear=0
shrinkage=0.0069078


Tree=25
num_leaves=10
num_cat=0
split_feature=2 0 9 9 23 16 16 1 9
split_gain=6.68271 4.10496 2.53196 3.70711 3.48605 2.46967 1.48811 1.25662 0.276025
threshold=10.500000000000002 1900.0000000000002 0.060024009603841501 0.043961352657004807 1.0000000180025095e-35 43.500000000000007 9.5000000000000018 5.5000000000000009 0.041213921901527957
decision_type=2 2 2 2 2 2 2 2 2
left_child=1 5 3 -2 7 6 -1 -5 -3
right_child=2 8 -4 4 -6 -7 -8 -9 -10
leaf_value=0 0 0 0 0.0048364316722881743 0 0 -0.0027211811743855299 0 0.00077893513998499627
leaf_weight=3.3799907639622679 22.163262736052275 4.9246104359626797 11.684687744826077 16.766102220863111 6.0558454133570185 4.3172499351203433 77.646645527333021 7.5506025217473498 12.828118856996296
leaf_count=13 134 39 99 40 38 20 570 42 69
internal_value=-0.000329107 -0.00151525 0.00104762 0.00180738 0.00309615 -0.00219112 -0.00251773 0.0040381 6.64876e-05
internal_weight=167.317 103.097 64.2205 52.5358 30.3726 85.3439 81.0266 24.3167 17.7527
internal_count=1064 711 353 254 120 603 583 82 108
is_linear=0
shrinkage=0.0069078


Tree=26
num_leaves=8
num_cat=0
split_feature=5 5 10 6 5 16 5
split_gain=43.7569 7.01079 5.37335 2.7793 2.64863 0.959345 0.863228
threshold=76.200000000000003 15.450000000000001 0.13118961352657002 71.850000000000009 2.4500000000000006 15.500000000000002 17.850000000000005
decision_type=2 2 2 2 2 2 2
left_child=1 4 -2 -4 -1 -3 -7
right_child=2 5 3 -5 -6 6 -8
leaf_value=0 0 0 0 0.005191859832638859 -0.005774353260803073 0 -0.0017802064071653992
leaf_weight=2.2134005874395362 8.5102592855691892 26.640677455812693 13.344093780964611 41.314868979156017 37.404173305258155 3.6966529227793208 34.017927726730704
leaf_count=14 39 132 51 82 429 28 289
internal_value=-0.000334791 -0.00317341 0.00366285 0.00438531 -0.00540666 -0.000821869 -0.00142773
internal_weight=167.142 103.973 63.1692 54.659 39.6176 64.3553 37.7146
internal_count=1064 892 172 133 443 449 317
is_linear=0
shrinkage=0.0069078


Tree=27
num_leaves=9
num_cat=0
split_feature=18 2 1 18 9 3 18 3
split_gain=25.5658 5.80114 8.30393 2.17231 1.69824 2.7913 1.58479 0.907823
threshold=37.500000000000007 10.500000000000002 7.0000000000000009 33.500000000000007 0.056438791732909353 55.500000000000007 36.500000000000007 55.500000000000007
decision_type=2 2 2 2 2 2 2 2
left_child=1 2 6 -3 5 -5 -1 -2
right_child=7 3 -4 4 -6 -7 -8 -9
leaf_value=-0.0047261850879943036 0.0046950796498659245 -0.0022163456543343504 0 0.0026259676065040244 0 0 0 0
leaf_weight=47.867520475760102 25.346796944737434 7.2082171104848376 22.665191520005465 25.423893231898546 8.2755358442664129 8.4147812202572805 11.118612315505741 9.9503307119011861
leaf_count=428 54 85 151 105 72 63 70 36
internal_value=-0.00032731 -0.00193291 -0.00296957 0 0.000679974 0.001562 -0.00419247 0.00401551
internal_weight=166.271 130.974 81.6513 49.3224 42.1142 33.8387 58.9861 35.2971
internal_count=1064 974 649 325 240 168 498 90
is_linear=0
shrinkage=0.0069078


Tree=28
num_leaves=7
num_cat=0
split_feature=5 4 6 2 5 4
split_gain=39.7133 30.4847 3.80823 2.88819 1.43769 0.921454
threshold=76.200000000000003 36.500000000000007 71.450000000000017 5.5000000000000009 7.9500000000000011 37.500000000000007
decision_type=2 2 2 2 2 2
left_child=1 -1 -2 -3 -5 -6
right_child=2 3 -4 4 5 -7
leaf_value=-0.0056108223399955236 0 0 0.0043693060756394599 0 0 0.0035291768951924317
leaf_weight=67.975003404542804 15.669487819075583 7.134381126612424 46.278659544885159 5.4947719834744957 6.4511520601809051 16.489785321056843
leaf_count=727 68 47 104 34 41 43
internal_value=-0.000330232 -0.00303741 0.00351004 0.0012344 0.00234256 0.00292782
internal_weight=165.493 103.545 61.9481 35.5701 28.4357 22.9409
internal_count=1064 892 172 165 118 84
is_linear=0
shrinkage=0.0069078


Tree=29
num_leaves=7
num_cat=0
split_feature=5 4 10 27 2 5
split_gain=37.9471 28.7676 5.40721 2.99054 2.82909 0.826795
threshold=76.200000000000003 36.500000000000007 0.12074829931972787 1.5000000000000002 7.5000000000000009 15.450000000000001
decision_type=2 2 2 2 2 2
left_child=1 -1 -2 -4 -3 -6
right_child=2 4 3 -5 5 -7
leaf_value=-0.0055215792667902188 0 0 0.0048176021230268594 0 0 0.0030096536710418607
leaf_weight=67.443128064274788 7.4137483648955813 11.531241673976181 43.332023750990629 10.764482133090494 7.145670190453532 16.493974238634109
leaf_count=727 35 73 105 32 42 50
internal_value=-0.000358034 -0.00301803 0.00339927 0.00412256 0.00113659 0.00242356
internal_weight=164.124 102.614 61.5103 54.0965 35.1709 23.6396
internal_count=1064 892 172 137 165 92
is_linear=0
shrinkage=0.0069078


Tree=30
num_leaves=6
num_cat=0
split_feature=5 4 5 6 4
split_gain=36.6467 23.582 5.85452 2.80807 2.63859
threshold=94.550000000000011 37.500000000000007 76.200000000000003 71.850000000000009 36.500000000000007
decision_type=2 2 2 2 2
left_child=1 2 4 -2 -1
right_child=3 -3 -4 -5 -6
leaf_value=-0.0054425330106581196 0 0.0021506100431258734 0 0.0047254644780404826 0
leaf_weight=66.959804408252239 12.247760951519011 22.679309956729412 10.591411452740429 37.320246808230877 13.480315569788216
leaf_count=727 47 71 50 71 98
internal_value=-0.000356507 -0.00265968 -0.00429536 0.00392192 -0.0048738
internal_weight=163.279 113.711 91.0315 49.568 80.4401
internal_count=1064 946 875 118 825
is_linear=0
shrinkage=0.0069078


Tree=31
num_leaves=7
num_cat=0
split_feature=5 4 10 27 5 16
split_gain=35.5186 26.4173 4.93916 3.22166 2.6636 1.2292
threshold=76.200000000000003 37.500000000000007 0.12074829931972787 1.5000000000000002 2.4500000000000006 9.5000000000000018
decision_type=2 2 2 2 2 2
left_child=1 4 -2 -4 -1 -6
right_child=2 -3 3 -5 5 -7
leaf_value=0 0 0.0022075850291742127 0.0046872526610690106 0 0 -0.0051881155271179587
leaf_weight=2.2048440612852565 7.2382244579493991 21.532254412770271 42.729369629174471 10.749025255441664 2.2682930454611769 75.132645852863789
leaf_count=13 35 67 105 32 11 801
internal_value=-0.000369397 -0.00296579 0.00327542 0.00396705 -0.00484399 -0.00505294
internal_weight=161.855 101.138 60.7166 53.4784 79.6058 77.4009
internal_count=1064 892 172 137 825 812
is_linear=0
shrinkage=0.0069078


Tree=32
num_leaves=8
num_cat=0
split_feature=5 4 5 4 17 17 17
split_gain=29.2392 23.4664 4.69221 4.57739 4.18322 0.561576 0.786988
threshold=94.550000000000011 36.500000000000007 76.200000000000003 38.500000000000007 18.424166666666668 35.220208333333339 24.889791666666671
decision_type=2 2 2 2 2 2 2
left_child=1 2 4 5 -1 6 -3
right_child=-2 3 -4 -5 -6 -7 -8
leaf_value=0 0.0038363250177092458 0 0 0.0034625636945981968 -0.005397538906180185 0.00015015791498906839 -0.0018652269915261331
leaf_weight=4.8619290366768828 47.931027822196484 5.7052184715867069 7.9576587416231623 15.408598825335501 60.435767721384764 13.363477673381565 9.275347024202345
leaf_count=20 117 22 39 35 686 71 76
internal_value=-6.41838e-05 -0.00210175 -0.00441056 0.00119252 -0.00495429 0 -0.00104542
internal_weight=164.939 117.008 73.2554 43.7526 65.2977 28.344 14.9806
internal_count=1066 949 745 204 706 169 98
is_linear=0
shrinkage=0.0069078


Tree=33
num_leaves=8
num_cat=0
split_feature=5 4 5 4 6 6 6
split_gain=28.5102 22.6566 4.69895 4.31737 1.17063 0.296037 2.25435
threshold=94.550000000000011 36.500000000000007 26.350000000000005 38.500000000000007 81.250000000000014 107.65000000000002 72.850000000000009
decision_type=2 2 2 2 2 2 2
left_child=1 2 -1 5 -4 6 -3
right_child=-2 3 4 -5 -6 -7 -8
leaf_value=-0.0060140925836067345 0.0037806250701996964 0 -0.001694379125413453 0.0033543387476035968 0 0 -0.002489632235131399
leaf_weight=39.811551198363304 47.618898272514343 8.2663777954876476 17.184892039746046 15.340641774237154 15.811900166794656 9.1531588807702047 10.558624610304831
leaf_count=498 117 39 155 35 92 38 92
internal_value=-7.64244e-05 -0.00209803 -0.00436971 0.00114514 -0.000681356 0 -0.00071155
internal_weight=163.746 116.127 72.8083 43.3188 32.9968 27.9782 18.825
internal_count=1066 949 745 204 247 169 131
is_linear=0
shrinkage=0.0069078


Tree=34
num_leaves=12
num_cat=0
split_feature=4 9 2 10 0 17 9 4 7 10 7
split_gain=26.5532 2.50442 2.22667 3.40711 3.2918 1.60794 1.58224 1.2328 0.997183 0.912997 0.447544
threshold=36.500000000000007 0.039736842105263161 10.500000000000002 0.36397058823529416 1075.0000000000002 18.424166666666668 0.056438791732909353 34.500000000000007 6.5000000000000009 0.20169491525423733 4.5000000000000009
decision_type=2 2 2 2 2 2 2 2 2 2 2
left_child=2 -2 3 4 -1 -6 -3 8 -4 10 -9
right_child=1 6 7 -5 5 -7 -8 9 -10 -11 -12
leaf_value=0 0 0.0045043381881037427 -0.0021637880218914577 0 0 -0.0044391509134812683 0 0.0019007811267908509 0 0 0
leaf_weight=6.0458380524069062 14.671277802437542 32.163614932447672 13.421944770962002 5.1507648900151244 3.5731957852840415 48.23256597481668 14.765681549906729 9.1914674974978023 3.9035000652074805 4.4348712898790827 7.5019900463521472
leaf_count=33 71 91 137 41 16 459 70 32 23 46 47
internal_value=-8.76976e-05 0.00301321 -0.00238112 -0.00318883 -0.00365793 -0.00415803 0.0036867 0 -0.00147899 0.0001888 0.00131621
internal_weight=163.057 61.6006 101.456 63.0024 57.8516 51.8058 46.9293 38.4538 17.3254 21.1283 16.6935
internal_count=1066 232 834 549 508 475 161 285 160 125 79
is_linear=0
shrinkage=0.0069078


Tree=35
num_leaves=8
num_cat=0
split_feature=4 17 9 17 4 9 4
split_gain=26.1385 2.10869 1.87243 1.74552 0.828704 0.342299 0.2767
threshold=36.500000000000007 54.48258928571429 0.039736842105263161 18.424166666666668 35.500000000000007 0.14651229273870783 37.500000000000007
decision_type=2 2 2 2 2 2 2
left_child=1 3 -2 -1 -3 -5 -4
right_child=2 4 6 5 -6 -7 -8
leaf_value=0 0 -0.0010067643545291656 0 -0.0031803300134169107 0.00088720498969023346 0 0.0044351201548381378
leaf_weight=4.8703820407390586 14.748964183032511 17.169263048097495 17.194229301065207 69.298627164214849 7.367181744426488 2.4947617501020423 29.436161130666733
leaf_count=20 71 159 90 602 24 29 71
internal_value=-3.29572e-05 -0.00231789 0.00304902 -0.00284318 0 -0.00309847 0.00365538
internal_weight=162.58 101.2 61.3794 76.6638 24.5364 71.7934 46.6304
internal_count=1066 834 232 651 183 631 161
is_linear=0
shrinkage=0.0069078


Tree=36
num_leaves=10
num_cat=0
split_feature=5 4 5 4 17 17 5 17 17
split_gain=27.873 21.5251 4.9623 4.12007 0.955601 0.847255 1.21904 0.420611 0.719232
threshold=94.550000000000011 36.500000000000007 26.350000000000005 38.500000000000007 18.424166666666668 29.428125000000005 40.300000000000004 35.220208333333339 24.889791666666671
decision_type=2 2 2 2 2 2 2 2 2
left_child=1 2 4 7 -1 -4 -7 8 -3
right_child=-2 3 5 -5 -6 6 -8 -9 -10
leaf_value=0 0.0038079018723686173 0 0 0.003283816995313171 -0.0062368027636628088 0 -0.0022826863727911026 1.8855263531544343e-05 -0.0017305093035840944
leaf_weight=3.5160609632730475 47.181237660348415 5.7242689728736904 9.7238939423114044 15.170712418854235 35.790206205099821 10.428496699780228 12.504390206187962 13.076529391109942 9.0842608325183374
leaf_count=18 117 22 52 35 480 72 123 71 76
internal_value=-1.92381e-05 -0.00203592 -0.00426865 0.00111541 -0.00592692 -0.000576027 -0.00130218 0 -0.000916515
internal_weight=162.2 115.019 71.963 43.0558 39.3063 32.6568 22.9329 27.8851 14.8085
internal_count=1066 949 745 204 498 247 195 169 98
is_linear=0
shrinkage=0.0069078


Tree=37
num_leaves=7
num_cat=0
split_feature=5 4 5 4 28 2
split_gain=25.7821 21.3728 4.75986 3.71406 0.705716 0.33242
threshold=94.550000000000011 36.500000000000007 26.350000000000005 38.500000000000007 0.1734681444098822 10.500000000000002
decision_type=2 2 2 2 2 2
left_child=1 2 -1 5 -4 -3
right_child=-2 3 4 -5 -6 -7
leaf_value=-0.0058649650809966189 0.0036367170202369326 -0.00080634096878071126 0 0.0032004623971146951 -0.001599709627118875 0.00010649953543032437
leaf_weight=38.838092889636755 47.248222768306732 14.94626695290208 23.250760778784752 15.134780757129191 9.3810571525245887 12.404061857610939
leaf_count=498 117 108 157 35 90 61
internal_value=-2.59792e-05 -0.00198641 -0.00422025 0.00117148 -0.000570129 0
internal_weight=161.203 113.955 71.4699 42.4851 32.6318 27.3503
internal_count=1066 949 745 204 247 169
is_linear=0
shrinkage=0.0069078


Tree=38
num_leaves=8
num_cat=0
split_feature=5 4 5 17 4 2 17
split_gain=25.1179 20.9076 4.40442 3.87189 3.55448 0.306519 0.296141
threshold=94.550000000000011 36.500000000000007 76.200000000000003 18.424166666666668 38.500000000000007 10.500000000000002 35.220208333333339
decision_type=2 2 2 2 2 2 2
left_child=1 2 3 -1 5 -3 -7
right_child=-2 4 -4 -5 -6 6 -8
leaf_value=0 0.0035809043624220093 -0.00077796841881109299 0 -0.0051685056460399129 0.0031271385025047954 0 0.00093130914655694611
leaf_weight=4.8650924339890471 47.011243477463722 14.883912324905397 7.5450080856680861 58.514526357874274 15.082416862249373 5.03942623734474 7.361362025141716
leaf_count=20 117 108 39 686 35 33 28
internal_value=-3.71011e-05 -0.00197975 -0.00419916 -0.00472967 0.00113808 0 7.63638e-05
internal_weight=160.303 113.292 70.9246 63.3796 42.3671 27.2847 12.4008
internal_count=1066 949 745 706 204 169 61
is_linear=0
shrinkage=0.0069078


Tree=39
num_leaves=10
num_cat=0
split_feature=4 6 6 6 2 0 10 7 7
split_gain=24.3467 4.52845 2.96596 2.60265 1.52697 3.65365 2.07286 0.258174 0.671252
threshold=36.500000000000007 108.55000000000001 106.25000000000001 95.200000000000017 10.500000000000002 1075.0000000000002 0.43123138033763658 6.5000000000000009 4.5000000000000009
decision_type=2 2 2 2 2 2 2 2 2
left_child=1 4 3 -2 5 -1 -7 8 -6
right_child=2 -3 -4 -5 7 6 -8 -9 -10
leaf_value=0 0.0019854243176592673 0 0.0041906402920923042 -0.001136075946050256 0 -0.0048678511095296383 0 0 -0.0013524827347091396
leaf_weight=6.0173126254230729 15.852360766381027 22.323562217876315 33.205817919224501 11.013658680021761 10.063848564401274 38.291800383478403 2.4008782114833584 4.654691729694604 15.67183895409107
leaf_count=33 62 177 93 77 77 374 18 26 129
internal_value=-4.60109e-05 -0.00227414 0.00294814 0 -0.00300316 -0.00390152 -0.00453491 -0.000152537 -0.000616661
internal_weight=159.496 99.4239 60.0718 26.866 77.1004 46.71 40.6927 30.3904 25.7357
internal_count=1066 834 232 139 657 425 392 232 206
is_linear=0
shrinkage=0.0069078


Tree=40
num_leaves=10
num_cat=0
split_feature=18 2 6 18 6 17 17 6 6
split_gain=23.7559 2.68622 2.47179 2.42836 1.48246 0.84017 0.533245 0.533113 0.407714
threshold=37.500000000000007 6.5000000000000009 57.000000000000007 34.500000000000007 120.05000000000001 67.640359477124207 36.782417582417587 92.550000000000011 70.250000000000014
decision_type=2 2 2 2 2 2 2 2 2
left_child=1 2 -1 5 -4 -3 -5 8 -8
right_child=-2 3 4 6 -6 -7 7 -9 -10
leaf_value=0 0.0038515133697222263 -0.0021817186866279299 -0.0042041257253557915 0 0 0 0 0 0.001847712771496085
leaf_weight=5.5617346353828898 38.416836906224489 25.982250249013308 32.569524716585875 19.674920441582799 3.5431701634079209 2.4977389238774768 4.8846966549754205 10.034193303436039 11.587480694055555
leaf_count=25 110 245 324 157 28 18 32 60 59
internal_value=-8.70152e-05 -0.00185234 -0.00328416 -0.000364259 -0.00383711 -0.00183734 6.0979e-05 0.000849052 0.00141413
internal_weight=154.753 116.336 41.6744 74.6613 36.1127 28.48 46.1813 26.5064 16.4722
internal_count=1058 948 377 571 352 263 308 151 91
is_linear=0
shrinkage=0.0069078


Tree=41
num_leaves=6
num_cat=0
split_feature=4 2 4 4 3
split_gain=23.1099 2.32764 2.51024 0.937527 0.26205
threshold=37.500000000000007 6.5000000000000009 34.500000000000007 32.500000000000007 56.500000000000007
decision_type=2 2 2 2 2
left_child=1 3 -3 -1 -4
right_child=-2 2 4 -5 -6
leaf_value=0 0.0038008081372568688 -0.0018703149075914233 0.00053312438536109595 -0.0034868658748487573 0
leaf_weight=4.2983521260321131 38.354905676096678 28.616402676329017 35.626966223120689 37.165694452822208 10.349788088351486
leaf_count=22 110 263 237 355 71
internal_value=-8.24708e-05 -0.00182916 -0.000382917 -0.00319985 6.0429e-05
internal_weight=154.412 116.057 74.5932 41.464 45.9768
internal_count=1058 948 571 377 308
is_linear=0
shrinkage=0.0069078


Tree=42
num_leaves=8
num_cat=0
split_feature=5 5 2 3 2 5 5
split_gain=18.5643 6.21384 4.53777 2.02626 1.16512 0.51495 0.505944
threshold=14.750000000000002 94.550000000000011 7.5000000000000009 55.500000000000007 11.500000000000002 2.6000000000000005 45.900000000000006
decision_type=2 2 2 2 2 2 2
left_child=5 2 -2 -3 6 -1 -4
right_child=1 3 4 -5 -6 -7 -8
leaf_value=0 -0.0019240997394762006 0.00382208297690213 0.0022785301883050798 0 0 -0.0040854056221764296 0
leaf_weight=2.0857038162648669 29.395470263436437 28.406994361430407 20.557340227067474 11.578883118927477 20.43214445002377 36.279276426881552 5.5121832005679599
leaf_count=18 246 69 104 37 140 408 36
internal_value=-7.5864e-05 0.00111143 0 0.00303148 0.00115472 -0.00392922 0.00192107
internal_weight=154.248 115.883 75.8971 39.9859 46.5017 38.365 26.0695
internal_count=1058 632 526 106 280 426 140
is_linear=0
shrinkage=0.0069078


Tree=43
num_leaves=6
num_cat=0
split_feature=4 5 4 17 5
split_gain=20.9505 18.7631 2.92107 1.04168 0.9786
threshold=36.500000000000007 89.750000000000014 38.500000000000007 18.424166666666668 15.450000000000001
decision_type=2 2 2 2 2
left_child=1 3 4 -1 -2
right_child=2 -3 -4 -5 -6
leaf_value=0 0 0.0015940427541355675 0.0046624226547840554 -0.004229844077837685 0.0011516475715197699
leaf_weight=3.8321090564131728 8.8523324839770776 26.550184417515993 20.34248898178339 66.549184717237949 27.691075306385756
leaf_count=17 71 86 39 737 108
internal_value=-7.82991e-05 -0.00216859 0.0027592 -0.00405008 0.000212853
internal_weight=153.817 96.9315 56.8859 70.3813 36.5434
internal_count=1058 840 218 754 179
is_linear=0
shrinkage=0.0069078


Tree=44
num_leaves=7
num_cat=0
split_feature=5 5 2 3 2 5
split_gain=18.3939 5.85042 4.21497 1.96562 1.33489 0.622625
threshold=14.750000000000002 94.550000000000011 7.5000000000000009 55.500000000000007 11.500000000000002 45.900000000000006
decision_type=2 2 2 2 2 2
left_child=-1 2 -2 -3 5 -4
right_child=1 3 4 -5 -6 -7
leaf_value=-0.0039219284233724281 -0.0018467739895594779 0.0037271088909165409 0.0023431128747134281 0 0 0
leaf_weight=37.955111326649785 29.015706650912762 28.928207658231258 20.909483559429649 11.52903627604246 19.869350405409932 5.4053223319351664
leaf_count=426 246 69 104 37 140 36
internal_value=-6.32663e-05 0.0011146 0 0.00296048 0.00113523 0.00195247
internal_weight=153.612 115.657 75.1999 40.4572 46.1842 26.3148
internal_count=1058 632 526 106 280 140
is_linear=0
shrinkage=0.0069078


Tree=45
num_leaves=8
num_cat=0
split_feature=4 3 7 4 6 17 2
split_gain=22.197 2.20592 2.87357 4.08449 2.39713 0.578668 0.460401
threshold=37.500000000000007 55.500000000000007 5.5000000000000009 35.500000000000007 109.55000000000001 48.816042780748667 10.500000000000002
decision_type=2 2 2 2 2 2 2
left_child=1 2 3 -1 -3 -4 -5
right_child=-2 4 5 6 -6 -7 -8
leaf_value=-0.0033234338136116414 0.0037579886715606416 -0.0038123709788554254 0 -0.00023071190640299862 0 0.0012603308171081724 0.0010343098300656273
leaf_weight=20.934926141053438 38.171673592180014 32.340126043185592 15.59670544229448 11.653731975704433 8.8062369637191278 14.955069880932568 10.428914602845905
leaf_count=238 110 305 106 109 67 64 59
internal_value=-4.74587e-05 -0.00178019 -0.000348005 -0.00161915 -0.00311578 0.000516182 0
internal_weight=152.887 114.716 73.5693 43.0176 41.1464 30.5518 22.0826
internal_count=1058 948 576 406 372 170 168
is_linear=0
shrinkage=0.0069078


Tree=46
num_leaves=5
num_cat=0
split_feature=18 5 18 3
split_gain=21.6091 17.7447 3.39469 0.730853
threshold=37.500000000000007 89.750000000000014 36.500000000000007 55.500000000000007
decision_type=2 2 2 2
left_child=1 2 -1 -3
right_child=-2 3 -4 -5
leaf_value=-0.0040309275969221681 0.0037084669415993659 0.0021917861870549356 0 0
leaf_weight=69.383285181596875 38.075260639190674 22.519593186676506 13.986049655824898 8.3205714970827085
leaf_count=754 110 66 95 33
internal_value=-4.53219e-05 -0.0017626 -0.00346957 0.00171138
internal_weight=152.285 114.209 83.3693 30.8402
internal_count=1058 948 849 99
is_linear=0
shrinkage=0.0069078


Tree=47
num_leaves=7
num_cat=0
split_feature=4 5 4 3 4 2
split_gain=20.6947 17.0148 2.89149 1.30316 0.576277 0.524085
threshold=37.500000000000007 94.550000000000011 36.500000000000007 55.500000000000007 38.500000000000007 15.500000000000002
decision_type=2 2 2 2 2 2
left_child=1 2 5 -3 -2 -1
right_child=4 3 -4 -5 -6 -7
leaf_value=-0.0040255523571226821 0 0.0024835910056998068 0 0 0.0046921390997126684 0
leaf_weight=66.337493350729346 18.008483815938234 21.034354873001579 13.915386198088525 7.088912606239318 20.202113956212997 4.8900609295815221
leaf_count=720 71 58 96 29 39 45
internal_value=-4.36982e-05 -0.00174076 -0.00335273 0.00182239 0.00361248 -0.00386094
internal_weight=151.477 113.266 85.1429 28.1233 38.2106 71.2276
internal_count=1058 948 861 87 110 765
is_linear=0
shrinkage=0.0069078


Tree=48
num_leaves=9
num_cat=0
split_feature=4 17 6 4 2 9 9 6
split_gain=18.8875 5.19545 4.74888 2.58554 2.43384 1.77507 2.84136 0.452876
threshold=37.500000000000007 48.816042780748667 108.45000000000002 36.500000000000007 15.500000000000002 0.051064754454584908 0.048115079365079354 110.10000000000001
decision_type=2 2 2 2 2 2 2 2
left_child=1 2 3 4 -1 6 -3 -4
right_child=-2 5 7 -5 -6 -7 -8 -9
leaf_value=-0.0041630498908090076 0.0040669771376005536 0 0.0010373207167462086 0 0 -0.00053297799556675362 0.0030041889503955865 -0.00027810093551821816
leaf_weight=40.44254781678319 36.551792606711388 16.575983939692378 9.2228414528071898 11.189035292714832 3.0312918648123732 9.7785444967448694 15.100480370223524 15.754741057753561
leaf_count=385 101 129 37 72 16 112 56 153
internal_value=7.13971e-05 -0.00106422 -0.00210226 -0.00311554 -0.00375782 0.000254141 0.00142377 0
internal_weight=157.647 121.095 79.6405 54.6629 43.4738 41.455 31.6765 24.9776
internal_count=1061 960 663 473 401 297 185 190
is_linear=0
shrinkage=0.0069078


Tree=49
num_leaves=12
num_cat=0
split_feature=18 17 6 18 2 18 16 6 6 6 6
split_gain=18.3162 4.85057 4.4279 2.84385 2.36602 1.03704 0.881447 0.544282 0.739161 0.426392 0.421655
threshold=37.500000000000007 48.816042780748667 108.45000000000002 36.500000000000007 15.500000000000002 34.500000000000007 15.500000000000002 67.800000000000026 55.650000000000013 93.350000000000009 110.10000000000001
decision_type=2 2 2 2 2 2 2 2 2 2 2
left_child=1 2 3 4 -1 7 -7 8 -3 -9 -4
right_child=-2 5 10 -5 -6 6 -8 9 -10 -11 -12
leaf_value=-0.0041081931218580493 0.003996131789413518 0 0.00099228161340011892 0 0 0 0.001880000589902007 -0.0016971082268562279 0.0015515288189800708 0 -0.00029444532152152035
leaf_weight=40.399714656174183 36.581389330327511 3.9633846599608678 9.1708904951810855 10.943272940814493 3.0133123584091654 4.036014378070834 17.351403761655092 7.0061316080391389 5.5764218531548977 3.2114889957010746 15.774440819397567
leaf_count=385 101 38 37 72 16 29 97 97 19 17 153
internal_value=6.04126e-05 -0.00105994 -0.00206021 -0.0030405 -0.0037091 0.000192336 0.00129824 0 0 -0.00116024 0
internal_weight=157.028 120.446 79.3016 54.3563 43.413 41.1448 21.3874 19.7574 9.53981 10.2176 24.9453
internal_count=1061 960 663 473 401 297 126 171 57 114 190
is_linear=0
shrinkage=0.0069078


Tree=50
num_leaves=8
num_cat=0
split_feature=5 18 18 10 17 18 5
split_gain=30.3499 15.7941 5.17669 1.6231 1.39993 0.960404 0.668285
threshold=29.450000000000003 37.500000000000007 34.500000000000007 0.19821428571428573 18.424166666666668 36.500000000000007 80.250000000000014
decision_type=2 2 2 2 2 2 2
left_child=1 4 6 -4 -1 -6 -2
right_child=2 -3 3 -5 5 -7 -8
leaf_value=0 -0.00095500004728568634 0.0011187790478852586 0.0040301242402405995 0 -0.0058957758445988074 0 0.00073737167746358448
leaf_weight=3.4817979261279097 10.923334227874877 13.21670028567314 54.274851694703102 14.808348912745712 36.45711730979383 7.1259599681943646 16.028290942311287
leaf_count=18 107 49 183 81 504 64 55
internal_value=5.90772e-05 -0.00327598 0.00258884 0.00348908 -0.00511723 -0.00540241 0
internal_weight=156.316 60.2816 96.0348 69.0832 47.0649 43.5831 26.9516
internal_count=1061 635 426 264 586 568 162
is_linear=0
shrinkage=0.0069078


Tree=51
num_leaves=9
num_cat=0
split_feature=5 4 4 17 4 5 11 11
split_gain=30.0239 15.1914 5.33075 1.35372 0.893338 0.734355 0.352383 0.675163
threshold=29.450000000000003 37.500000000000007 34.500000000000007 18.424166666666668 36.500000000000007 80.250000000000014 0.054093567251461951 0.093073593073593072
decision_type=2 2 2 2 2 2 2 2
left_child=1 3 5 -1 -5 -2 -4 -8
right_child=2 -3 6 4 -6 -7 7 -9
leaf_value=0 -0.0010219829062003492 0.0010481969983777914 0 -0.0058230939194454543 0 0.0007535278397829986 0.0042872343654085437 0
leaf_weight=3.4853342697024337 10.853558514267208 13.147252984344957 14.054411746561525 36.071755368262529 7.0227569192647925 15.980004306882618 46.107279680669308 8.9569174572825414
leaf_count=18 107 49 66 504 64 55 155 43
internal_value=9.13612e-05 -0.00324203 0.00260163 -0.00505764 -0.00534105 0 0.00351344 0.00391297
internal_weight=155.679 59.7271 95.9522 46.5798 43.0945 26.8336 69.1186 55.0642
internal_count=1061 635 426 586 568 162 264 198
is_linear=0
shrinkage=0.0069078


Tree=52
num_leaves=5
num_cat=0
split_feature=5 4 4 5
split_gain=29.7682 15.0481 5.24925 0.715224
threshold=29.450000000000003 37.500000000000007 34.500000000000007 80.250000000000014
decision_type=2 2 2 2
left_child=1 -1 3 -2
right_child=2 -3 -4 -5
leaf_value=-0.0050523329649579084 -0.001004582152473372 0.0010251150746699734 0.0035016794176253824 0.00074957369280806939
leaf_weight=46.208047607913613 10.79120768979192 13.138707697391508 68.88362842798233 15.98306756839156
leaf_count=586 107 49 264 55
internal_value=9.30915e-05 -0.0032359 0.00259529 0
internal_weight=155.005 59.3468 95.6579 26.7743
internal_count=1061 635 426 162
is_linear=0
shrinkage=0.0069078


Tree=53
num_leaves=8
num_cat=0
split_feature=5 4 5 4 11 5 5
split_gain=27.9101 14.6751 5.66869 2.60571 0.80581 0.524347 0.42311
threshold=29.450000000000003 37.500000000000007 94.550000000000011 38.500000000000007 0.054093567251461951 47.400000000000006 76.200000000000003
decision_type=2 2 2 2 2 2 2
left_child=1 -1 3 5 -4 -2 -7
right_child=2 -3 4 -5 -6 6 -8
leaf_value=-0.0049701798358413526 0 0.0010265579648238059 0 0.0026240733582346492 0.004505926282896055 -0.0015014784879255675 0
leaf_weight=45.704877866432071 18.282814785838127 13.138774983584879 9.294473469257353 8.4469931423664075 38.471337959170341 12.611415812745692 8.5163778923451883
leaf_count=586 130 49 30 14 88 114 50
internal_value=7.76066e-05 -0.00315571 0.00250391 0 0.00403819 -0.000275557 -0.000974833
internal_weight=154.467 58.8437 95.6234 47.8576 47.7658 39.4106 21.1278
internal_count=1061 635 426 308 118 294 164
is_linear=0
shrinkage=0.0069078


Tree=54
num_leaves=10
num_cat=0
split_feature=4 17 6 3 3 9 4 3 4
split_gain=17.5003 4.62273 3.2785 4.06237 3.07834 1.79377 1.66789 1.00894 0.517305
threshold=37.500000000000007 46.546666666666674 108.55000000000001 53.500000000000007 55.500000000000007 0.056438791732909353 36.500000000000007 53.500000000000007 34.500000000000007
decision_type=2 2 2 2 2 2 2 2 2
left_child=1 2 3 -1 5 7 -5 -3 -6
right_child=-2 4 -4 6 8 -7 -8 -9 -10
leaf_value=0 0.0039481645535433653 0 0 -0.0045534484875910768 -0.0018596368674813786 0 0 0.0031507289793563788 0
leaf_weight=11.546184245496987 36.014308303594589 7.4803788140416207 21.760500689968467 28.709135228767991 6.1805939879268434 4.2442200332880011 9.6905243918299657 16.391391148790717 11.940529709681867
leaf_count=86 101 48 176 296 80 52 65 74 83
internal_value=7.85649e-05 -0.00102412 -0.00209203 -0.00293952 6.8412e-05 0.00178932 -0.00385037 0.00249239 -0.00101602
internal_weight=153.958 117.943 71.7063 49.9458 46.2371 28.116 38.3997 23.8718 18.1211
internal_count=1061 960 623 447 337 174 361 122 163
is_linear=0
shrinkage=0.0069078


Tree=55
num_leaves=9
num_cat=0
split_feature=5 4 5 4 11 5 11 4
split_gain=27.3051 14.2108 5.47491 2.28092 0.649015 0.493729 0.609798 0.412744
threshold=29.450000000000003 36.500000000000007 94.550000000000011 38.500000000000007 0.054093567251461951 47.400000000000006 0.066964285714285712 37.500000000000007
decision_type=2 2 2 2 2 2 2 2
left_child=1 -1 3 5 -4 -2 -7 -3
right_child=2 7 4 -5 -6 6 -8 -9
leaf_value=-0.0053119902600776555 0 0 0 0.00249072811734765 0.0044816221132895776 -0.0015105262533577754 0 0.00096695520859119231
leaf_weight=37.958341481164098 18.724541448056698 7.2993711121380356 9.1038174703717214 8.2087933421134931 38.065019555389881 14.709464317187669 6.2910133376717559 13.054177291691301
leaf_count=519 130 67 30 14 88 125 39 49
internal_value=0.000102849 -0.00310589 0.00250668 0 0.00403526 -0.000181772 -0.000914847 0.000183987
internal_weight=153.415 58.3119 95.1026 47.9338 47.1688 39.725 21.0005 20.3535
internal_count=1061 635 426 308 118 294 164 116
is_linear=0
shrinkage=0.0069078


Tree=56
num_leaves=10
num_cat=0
split_feature=4 9 9 27 27 6 9 10 6
split_gain=14.4984 3.3692 7.53958 2.92312 2.62028 1.80658 1.22637 0.689249 0.970101
threshold=36.500000000000007 0.041213921901527957 0.049515639589168957 1.0000000180025095e-35 10.500000000000002 67.550000000000011 0.021482277121374852 0.16064516129032258 55.750000000000007
decision_type=2 2 2 2 2 2 2 2 2
left_child=1 5 3 -3 6 -1 -2 -4 -9
right_child=4 2 7 -5 -6 -7 -8 8 -10
leaf_value=0 0 0.0029150062219239679 0 0 0 -0.0032784097061368533 0.0039161784692029085 0 -0.0027166656005013614
leaf_weight=5.9310879074037066 8.6405190508812648 26.311527453362942 4.4861455745995036 7.2126754056662312 6.188727941364049 26.346264410763979 39.713389910757542 2.317690962925556 28.557461809366941
leaf_count=37 48 137 25 59 36 264 133 15 307
internal_value=0.00020019 -0.00110144 0 0.00194532 0.00297932 -0.00266867 0.00346555 -0.00211386 -0.00240695
internal_weight=155.705 101.163 68.8855 33.5242 54.5426 32.2774 48.3539 35.3613 30.8752
internal_count=1061 844 543 196 217 301 181 347 322
is_linear=0
shrinkage=0.0069078


Tree=57
num_leaves=10
num_cat=0
split_feature=4 9 9 20 6 2 3 6 6
split_gain=14.3974 3.17493 6.92187 2.48799 1.70306 1.53752 1.51617 0.492242 0.233594
threshold=36.500000000000007 0.041213921901527957 0.049515639589168957 1.0000000180025095e-35 67.550000000000011 11.500000000000002 52.500000000000007 55.750000000000007 108.15000000000002
decision_type=2 2 2 2 2 2 2 2 2
left_child=1 4 5 -2 -1 -3 -6 -4 -9
right_child=3 2 7 -5 6 -7 -8 8 -10
leaf_value=0 0 0 0 0.0034848172877503004 0 0.0030872783347973454 -0.0037298959172280218 -0.0026424579282318338 0
leaf_weight=5.9242898207157841 7.5046234820038071 19.672650638967752 2.5993821229785672 46.86992084980011 3.8314286544919041 13.746798353269694 22.403802275657654 22.541696758940816 10.072405347600577
leaf_count=37 39 140 16 178 30 56 234 242 89
internal_value=0.000198959 -0.00109955 0 0.00297263 -0.0026259 0.00184185 -0.00321771 -0.00205006 -0.00224236
internal_weight=155.167 100.792 68.6329 54.3745 32.1595 33.4194 26.2352 35.2135 32.6141
internal_count=1061 844 543 217 301 196 264 347 331
is_linear=0
shrinkage=0.0069078


Tree=58
num_leaves=9
num_cat=0
split_feature=5 4 5 17 9 17 9 6
split_gain=21.1715 19.5703 2.31857 2.60059 1.26659 1.06568 1.55018 0.477221
threshold=94.550000000000011 36.500000000000007 76.200000000000003 18.424166666666668 0.039736842105263161 26.292708333333337 0.049515639589168957 67.250000000000014
decision_type=2 2 2 2 2 2 2 2
left_child=1 2 3 -1 -2 -3 -7 -5
right_child=4 5 -4 7 -6 6 -8 -9
leaf_value=0 0 0 0 0 0.0044462844689766188 0.0031466274320721935 0 -0.0043972444181523155
leaf_weight=3.6105724424123755 11.068402104079722 10.200664348900316 7.723211243748664 4.5065710004419079 35.917969707399607 20.644512839615349 7.7772162444889537 53.475318705663085
leaf_count=15 39 51 45 53 79 87 49 643
internal_value=0.000197029 -0.00126605 -0.00348479 -0.0038777 0.00384555 0.00188479 0.00242383 -0.00420675
internal_weight=154.924 107.938 69.3157 61.5925 46.9864 38.6224 28.4217 57.9819
internal_count=1061 943 756 711 118 187 136 696
is_linear=0
shrinkage=0.0069078


Tree=59
num_leaves=8
num_cat=0
split_feature=4 9 9 20 20 3 6
split_gain=14.4377 3.66138 6.17821 2.44334 1.36429 1.07344 0.96595
threshold=36.500000000000007 0.041213921901527957 0.049515639589168957 1.0000000180025095e-35 1.0000000180025095e-35 52.500000000000007 55.750000000000007
decision_type=2 2 2 2 2 2 2
left_child=1 4 -3 -2 -1 -6 -4
right_child=3 2 6 -5 5 -7 -8
leaf_value=0 0 0.0018020174870589263 0 0.0034971259711741053 0 -0.0035907637211358423 -0.0022173688348083418
leaf_weight=3.878923790529373 7.4599138908088198 33.109842168167233 3.0034662857651702 46.779055967926979 4.1901047844439772 23.576584691181779 32.398223793134093
leaf_count=30 39 196 16 178 32 239 331
internal_value=0.000214761 -0.00109079 0 0.00299123 -0.00273535 -0.0031681 -0.00188372
internal_weight=154.396 100.157 68.5115 54.239 31.6456 27.7667 35.4017
internal_count=1061 844 543 217 301 271 347
is_linear=0
shrinkage=0.0069078


Tree=60
num_leaves=8
num_cat=0
split_feature=5 4 27 17 5 27 3
split_gain=20.7648 19.5517 3.37599 2.22711 3.56542 1.65888 1.22705
threshold=94.550000000000011 36.500000000000007 1.5000000000000002 18.424166666666668 31.850000000000005 10.500000000000002 55.500000000000007
decision_type=2 2 2 2 2 2 2
left_child=1 3 -2 -1 -5 6 -3
right_child=2 5 -4 4 -6 -7 -8
leaf_value=0 0.0045991320868561999 0.0032036096144785293 0 -0.005070274021979757 -0.00012807575311588737 0 0
leaf_weight=3.5930561870336524 37.401255246251822 21.391149766743183 8.8594972342252714 37.992387767881155 27.454208821058273 4.6162339113652697 12.759996810927985
leaf_count=15 92 82 26 530 211 32 73
internal_value=0.00021226 -0.00122785 0.00385413 -0.00345822 -0.00373657 0.0019124 0.00242467
internal_weight=154.068 107.807 46.2608 69.0397 65.4466 38.7674 34.1511
internal_count=1061 943 118 756 741 187 155
is_linear=0
shrinkage=0.0069078


Tree=61
num_leaves=8
num_cat=0
split_feature=5 4 27 17 5 27 4
split_gain=19.9442 19.295 3.4512 2.19352 3.28701 1.66593 0.872486
threshold=94.550000000000011 36.500000000000007 1.5000000000000002 18.424166666666668 31.850000000000005 10.500000000000002 37.500000000000007
decision_type=2 2 2 2 2 2 2
left_child=1 3 -2 -1 -5 6 -3
right_child=2 5 -4 4 -6 -7 -8
leaf_value=0 0.0045390027673179213 0 0 -0.0050112713981429625 -0.00014070398368524353 0 0.0031076092689167507
leaf_weight=3.5878229215741149 37.312279924750328 12.467884322628377 8.9636023938655836 37.688101138919592 27.286886960268021 4.6157506220042697 21.595065612345934
leaf_count=15 92 86 26 530 211 32 69
internal_value=0.000211312 -0.00120153 0.00378034 -0.00343031 -0.00370818 0.00191468 0.0024292
internal_weight=153.517 107.242 46.2759 68.5628 64.975 38.6787 34.0629
internal_count=1061 943 118 756 741 187 155
is_linear=0
shrinkage=0.0069078


Tree=62
num_leaves=12
num_cat=0
split_feature=18 9 9 27 20 27 20 28 3 6 6
split_gain=13.7055 3.22675 5.41344 2.6285 2.35879 2.87135 1.37267 1.01759 2.09286 0.868578 0.240804
threshold=36.500000000000007 0.041213921901527957 0.049515639589168957 1.0000000180025095e-35 1.0000000180025095e-35 10.500000000000002 1.0000000180025095e-35 0.99905158556052898 52.500000000000007 55.750000000000007 108.15000000000002
decision_type=2 2 2 2 2 2 2 2 2 2 2
left_child=1 6 3 -3 -2 -6 -1 8 -8 -4 -11
right_child=4 2 9 -5 5 -7 7 -9 -10 10 -12
leaf_value=0 0 0.0026274368442289024 0 0 0.0039807967374268817 0 0 0 -0.0040557946872958302 -0.0025176859680666923 0
leaf_weight=3.8607064429670599 7.5312610957771531 25.738436399027705 2.9530038032680741 7.0653884485363951 40.515674667432904 6.0831718258559695 3.3166581727564397 3.2253890987485638 20.856291959062219 21.899624561890963 9.8973902929574233
leaf_count=30 39 137 16 59 142 36 26 22 223 242 89
internal_value=0.000204283 -0.00107409 0 0.00165645 0.00291287 0.00341384 -0.0026274 -0.00307079 -0.00343583 -0.00180893 -0.00212666
internal_weight=152.943 98.8129 67.5538 32.8038 54.1301 46.5988 31.259 27.3983 24.173 34.75 31.797
internal_count=1061 844 543 196 217 178 301 271 249 347 331
is_linear=0
shrinkage=0.0069078


Tree=63
num_leaves=9
num_cat=0
split_feature=4 7 20 17 17 7 10 10
split_gain=13.4672 2.67365 2.33784 1.37036 0.727167 0.834718 0.292983 1.12218
threshold=36.500000000000007 5.5000000000000009 1.0000000180025095e-35 63.399487179487188 18.424166666666668 3.5000000000000004 0.20169491525423733 0.10070850202429146
decision_type=2 2 2 2 2 2 2 2
left_child=1 3 -2 4 -1 -6 7 -3
right_child=2 6 -4 -5 5 -7 -8 -9
leaf_value=0 0 0 0.0033957428777068276 0 0 -0.0027895863019484208 -0.00040729974618642457 0.001328306162155431
leaf_weight=2.4656999036669722 7.5313171353191128 4.8943163100630036 46.629923118278384 6.2628409788012496 5.9411560278385869 40.629901763051748 11.091368887573479 27.301038097590208
leaf_count=12 39 43 178 58 62 426 105 138
internal_value=0.000214722 -0.00105265 0.00289718 -0.00195831 -0.00231809 -0.00249703 0 0.000507626
internal_weight=152.748 98.5863 54.1612 55.2996 49.0368 46.5711 43.2867 32.1954
internal_count=1061 844 217 558 500 488 286 181
is_linear=0
shrinkage=0.0069078


Tree=64
num_leaves=11
num_cat=0
split_feature=5 4 5 17 6 5 6 5 17 6
split_gain=25.7668 14.3282 3.5572 2.7085 2.95744 2.04215 1.73893 1.16703 0.958119 1.55901
threshold=94.550000000000011 38.500000000000007 14.750000000000002 24.353125000000002 160.85000000000005 2.6000000000000005 71.850000000000009 18.550000000000004 31.872121212121215 67.550000000000011
decision_type=2 2 2 2 2 2 2 2 2 2
left_child=1 2 3 -1 5 -5 -2 -4 -9 -10
right_child=6 -3 7 4 -6 -7 -8 8 9 -11
leaf_value=0 0 0.0029532775348672601 0 0 0 -0.0060574172803434774 0.0050413413967637386 0 0 -0.0024159849788501623
leaf_weight=4.2040332891046992 15.060685306787489 12.781557425856588 8.3796966187655908 1.5739512741565764 1.7146585546433915 26.189618891105056 30.504568334668875 20.787739587947726 4.5206630472093812 28.450796525925398
leaf_count=27 53 28 63 15 8 392 65 132 33 283
internal_value=0 -0.00161406 -0.00276102 -0.00465407 -0.00523207 -0.00569907 0.00410991 -0.000779232 -0.00125477 -0.00185477
internal_weight=154.168 108.603 95.8212 33.6823 29.4782 27.7636 45.5653 62.1389 53.7592 32.9715
internal_count=1099 981 953 442 415 407 118 511 448 316
is_linear=0
shrinkage=0.0069078


Tree=65
num_leaves=7
num_cat=0
split_feature=4 6 3 6 10 17
split_gain=13.1092 1.77187 2.84483 1.64627 0.880001 0.322303
threshold=36.500000000000007 108.55000000000001 53.500000000000007 67.250000000000014 0.29669386002576215 32.609285714285726
decision_type=2 2 2 2 2 2
left_child=1 2 -1 -4 -2 -3
right_child=4 5 3 -5 -6 -7
leaf_value=0 0.0029747893471345579 0.00087536730008699198 0 -0.0027514236698787482 0 -0.00018194729397757949
leaf_weight=18.7750378344208 47.818656889721751 10.060308419167997 6.4469113610684863 52.072710204869509 5.4380550589412442 12.561914717778562
leaf_count=133 187 55 44 510 32 138
internal_value=4.63947e-06 -0.00122688 -0.00169658 -0.00238457 0.00272097 0
internal_weight=153.174 99.9169 77.2947 58.5196 53.2567 22.6222
internal_count=1099 880 687 554 219 193
is_linear=0
shrinkage=0.0069078


Tree=66
num_leaves=9
num_cat=0
split_feature=5 4 5 17 2 5 16 4
split_gain=25.1901 13.5402 3.41137 2.6231 1.86843 1.78425 0.817386 0.629104
threshold=94.550000000000011 38.500000000000007 14.750000000000002 24.353125000000002 7.5000000000000009 2.6000000000000005 34.000000000000007 37.500000000000007
decision_type=2 2 2 2 2 2 2 2
left_child=1 2 3 -1 6 -5 7 -4
right_child=-2 -3 4 5 -6 -7 -8 -9
leaf_value=0 0.0040670019719696877 0.0028421487530043907 -0.0025991079444425825 0 0 -0.0054832545598428439 0 0
leaf_weight=4.240427039563655 45.62988094240427 12.548810109496115 20.21250460669399 1.5822047330439115 35.670975847169757 27.577585401013494 2.6320212241262189 2.9530296847224227
leaf_count=27 118 28 200 15 275 400 21 15
internal_value=7.9971e-06 -0.00159717 -0.00271925 -0.00458185 -0.000749911 -0.00515705 -0.00192203 -0.00228156
internal_weight=153.047 107.418 94.8687 33.4002 61.4685 29.1598 25.7976 23.1655
internal_count=1099 981 953 442 511 415 236 215
is_linear=0
shrinkage=0.0069078


Tree=67
num_leaves=11
num_cat=0
split_feature=5 18 5 17 6 5 2 6 6 18
split_gain=24.5146 13.2276 2.90873 2.51784 3.32738 1.92795 1.73656 1.32538 0.968031 0.65252
threshold=94.550000000000011 38.500000000000007 14.750000000000002 24.353125000000002 160.95000000000002 2.6000000000000005 7.5000000000000009 71.850000000000009 68.300000000000026 37.500000000000007
decision_type=2 2 2 2 2 2 2 2 2 2
left_child=1 2 3 -1 5 -5 8 -2 -4 -10
right_child=7 -3 6 4 -6 -7 -8 -9 9 -11
leaf_value=0 0 0.0027983919508577882 0 0 0 -0.0059204322231636488 0 0.004873986603219165 -0.0026335775339868068 0
leaf_weight=4.2502649314701548 14.934884056448935 12.482426419854162 2.6336248368024853 1.5614154953509629 1.5249405540525902 25.75218228250742 35.568957770243287 30.55912171676755 20.191043261438612 2.9356004223227492
leaf_count=27 53 28 18 15 5 395 275 65 203 15
internal_value=0 -0.00158531 -0.00269888 -0.0044895 -0.00505806 -0.0055695 -0.000779618 0.00401188 -0.00189924 -0.0023101
internal_weight=152.394 106.9 94.418 33.0888 28.8385 27.3136 61.3292 45.494 25.7603 23.1266
internal_count=1099 981 953 442 415 410 511 118 236 218
is_linear=0
shrinkage=0.0069078


Tree=68
num_leaves=11
num_cat=0
split_feature=5 4 5 6 16 5 6 5 6 16
split_gain=23.8563 12.9726 2.56256 2.45872 2.32907 2.24011 1.27178 1.11644 0.835551 0.704835
threshold=94.550000000000011 38.500000000000007 14.750000000000002 160.85000000000005 12.500000000000002 2.4500000000000006 71.850000000000009 18.550000000000004 67.550000000000011 11.500000000000002
decision_type=2 2 2 2 2 2 2 2 2 2
left_child=1 2 3 4 -1 -6 -2 -4 -9 -10
right_child=6 -3 7 -5 5 -7 -8 8 9 -11
leaf_value=0 0 0.0027649888732812641 0 0 0 -0.0059015543736826593 0.0048038697428756773 0 0 -0.0017794617750024309
leaf_weight=5.620260493829849 14.970832973718641 12.412586376070974 8.172156058251856 1.7208355665206898 1.398251606151464 24.044464398175478 30.506211839616299 4.4805434532463542 3.4054417051374903 45.00816023722291
leaf_count=42 53 28 63 8 12 380 65 33 16 399
internal_value=0 -0.00157365 -0.00268201 -0.00442103 -0.00482767 -0.00550644 0.00395369 -0.000796309 -0.00125595 -0.00154722
internal_weight=151.74 106.263 93.8501 32.7838 31.063 25.4427 45.477 61.0663 52.8941 48.4136
internal_count=1099 981 953 442 434 392 118 511 448 415
is_linear=0
shrinkage=0.0069078


end of trees

feature_importances:
odds=118
popularity=94
time_seconds=67
race_avg_odds=35
jockey_win_rate=34
horse_number=33
popularity_rank=28
time_weight=27
weight=26
jockey_top3_rate=19
age=15
jockey_track_win_rate=13
field_size=12
track_combined_encoded=12
day_of_week=6
distance=4
venue_code=3
month=1
track_type_encoded=1
weather_encoded=1
sex_encoded=1

parameters:
[boosting: gbdt]
[objective: lambdarank]
[metric: ndcg]
[tree_learner: serial]
[device_type: cpu]
[data_sample_strategy: bagging]
[data: ]
[valid: ]
[num_iterations: 69]
[learning_rate: 0.0069078]
[num_leaves: 16]
[num_threads: 0]
[seed: 42]
[deterministic: 0]
[force_col_wise: 0]
[force_row_wise: 0]
[histogram_pool_size: -1]
[max_depth: 8]
[min_data_in_leaf: 22]
[min_sum_hessian_in_leaf: 0.001]
[bagging_fraction: 0.705191]
[pos_bagging_fraction: 1]
[neg_bagging_fraction: 1]
[bagging_freq: 8]
[bagging_seed: 400]
[bagging_by_query: 0]
[feature_fraction: 0.624646]
[feature_fraction_bynode: 1]
[feature_fraction_seed: 30056]
[extra_trees: 0]
[extra_seed: 12879]
[early_stopping_round: 0]
[early_stopping_min_delta: 0]
[first_metric_only: 0]
[max_delta_step: 0]
[lambda_l1: 5.08571]
[lambda_l2: 9.07566]
[linear_lambda: 0]
[min_gain_to_split: 0.228798]
[drop_rate: 0.1]
[max_drop: 50]
[skip_drop: 0.5]
[xgboost_dart_mode: 0]
[uniform_drop: 0]
[drop_seed: 17869]
[top_rate: 0.2]
[other_rate: 0.1]
[min_data_per_group: 100]
[max_cat_threshold: 32]
[cat_l2: 10]
[cat_smooth: 10]
[max_cat_to_onehot: 4]
[top_k: 20]
[monotone_constraints: ]
[monotone_constraints_method: basic]
[monotone_penalty: 0]
[feature_contri: ]
[forcedsplits_filename: ]
[refit_decay_rate: 0.9]
[cegb_tradeoff: 1]
[cegb_penalty_split: 0]
[cegb_penalty_feature_lazy: ]
[cegb_penalty_feature_coupled: ]
[path_smooth: 0]
[interaction_constraints: ]
[verbosity: -1]
[saved_feature_importance_type: 0]
[use_quantized_grad: 0]
[num_grad_quant_bins: 4]
[quant_train_renew_leaf: 0]
[stochastic_rounding: 1]
[linear_tree: 0]
[max_bin: 255]
[max_bin_by_feature: ]
[min_data_in_bin: 3]
[bin_construct_sample_cnt: 200000]
[data_random_seed: 175]
[is_enable_sparse: 1]
[enable_bundle: 1]
[use_missing: 1]
[zero_as_missing: 0]
[feature_pre_filter: 1]
[pre_partition: 0]
[two_round: 0]
[header: 0]
[label_column: ]
[weight_column: ]
[group_column: ]
[ignore_column: ]
[categorical_feature: ]
[forcedbins_filename: ]
[precise_float_parser: 0]
[parser_config_file: ]
[objective_seed: 16083]
[num_class: 1]
[is_unbalance: 0]
[scale_pos_weight: 1]
[sigmoid: 1]
[boost_from_average: 1]
[reg_sqrt: 0]
[alpha: 0.9]
[fair_c: 1]
[poisson_max_delta_step: 0.7]
[tweedie_variance_power: 1.5]
[lambdarank_truncation_level: 30]
[lambdarank_norm: 1]
[label_gain: ]
[lambdarank_position_bias_regularization: 0]
[eval_at: 1,3,5]
[multi_error_top_k: 1]
[auc_mu_weights: ]
[num_machines: 1]
[local_listen_port: 12400]
[time_out: 120]
[machine_list_filename: ]
[machines: ]
[gpu_platform_id: -1]
[gpu_device_id: -1]
[gpu_use_dp: 0]
[num_gpu: 1]

end of parameters

pandas_categorical:[]
