tree
version=v4
num_class=1
num_tree_per_iteration=1
label_index=0
max_feature_idx=28
objective=lambdarank
feature_names=distance venue_code horse_number weight popularity odds time_seconds age year jockey_win_rate jockey_top3_rate jockey_track_win_rate horse_win_rate horse_top3_rate horse_race_count horse_dist_win_rate field_size race_avg_odds popularity_rank month day_of_week track_type_encoded track_condition_encoded weather_encoded sex_encoded distance_category_encoded season_encoded track_combined_encoded time_weight
feature_infos=[1000:2600] [5:8] [1:18] [48:59] [31:53] [1.5:478.30000000000001] [54.200000000000003:170] [2:11] [2016:2024] [0:0.25] [0:0.53594771241830064] [0:1] [0:1] [0:1] [1:4] [0:1] [8:51] [13.8375:97.474999999999994] [31:53] [2:4] [0:6] [0:1] [0:2] [0:2] [0:2] [0:3] [0:3] [0:12] [0.0034568035067264:0.99810317112105762]
tree_sizes=612 1379 1284 1111 919 1576 900 1194 935 1510 1110 1243 1047 1024 992 996 1418 836 913 1509 1073 1308 1162 1030 1555 1071 920 1108 931 989 1075 1076 925 1006 1466 825 748 746 1002 1162 1114 1037 813 806 808 1231 810 1010 1296 1211 893 1059 892 896 1210 1269 1007 1172 1198 1089 940 939 1091 1183 1008 1268 797 880 911

Tree=0
num_leaves=5
num_cat=0
split_feature=5 4 4 9
split_gain=19.0013 6.14649 1.76829 0.565856
threshold=30.100000000000005 37.500000000000007 33.500000000000007 0.017148526077097454
decision_type=2 2 2 2
left_child=1 -1 -2 -4
right_child=2 -3 3 -5
leaf_value=-0.0046759158826496028 0 0 0 0.0043260889050896313
leaf_weight=27.038701128214601 2.8016070639714625 4.0565297743305555 5.300648761913183 18.803887831047177
leaf_count=599 66 50 102 256
internal_value=0 -0.00351498 0.00337719 0.00386154
internal_weight=58.0014 31.0952 26.9061 24.1045
internal_count=1073 649 424 358
is_linear=0
shrinkage=0.0069078


Tree=1
num_leaves=13
num_cat=0
split_feature=5 18 9 5 5 18 17 0 9 17 17 9
split_gain=95.0928 26.0267 7.01495 3.66487 6.55896 3.32422 2.78639 1.63894 1.10757 0.866448 0.82275 0.538472
threshold=92.300000000000011 37.500000000000007 0.048115079365079354 27.550000000000004 40.750000000000007 38.500000000000007 67.640359477124207 1300.0000000000002 0.045478036175710557 63.399487179487188 26.497443181818188 0.11324786324786322
decision_type=2 2 2 2 2 2 2 2 2 2 2 2
left_child=1 3 -2 6 7 -3 -1 8 -5 10 -6 -12
right_child=2 5 -4 4 9 -7 -8 -9 -10 -11 11 -13
leaf_value=-0.0061982129520061335 0 0 0.0079562797279541103 0 0 0.0040678580315380167 0 0.0012789799289519353 -0.0022577475066727472 0 -0.0045537776822212979 0
leaf_weight=57.527065526694059 10.765571955591438 15.460938025265934 43.83358240313828 6.3516298197209817 5.6940686516463748 9.9550105184316617 3.0066985692828885 20.960447300225496 6.9960750341415405 6.220371324568986 28.842041786760092 5.8945782221853724
leaf_count=541 46 58 76 21 17 26 27 59 30 26 125 21
internal_value=-0.000199623 -0.00295073 0.00688061 -0.00416975 -0.00201901 0.00212864 -0.00590325 0 -0.00113867 -0.00349318 -0.00381716 -0.00416659
internal_weight=221.508 166.909 54.5992 141.493 80.9592 25.4159 60.5338 34.3082 13.3477 46.6511 40.4307 34.7366
internal_count=1073 951 122 867 299 84 568 110 51 189 163 146
is_linear=0
shrinkage=0.0069078


Tree=2
num_leaves=12
num_cat=0
split_feature=4 2 4 27 3 4 16 7 7 7 7
split_gain=35.5408 15.0466 12.136 20.1917 8.74828 3.01894 2.47325 2.38607 2.26958 1.70521 0.401132
threshold=37.500000000000007 7.5000000000000009 33.500000000000007 1.5000000000000002 51.500000000000007 36.500000000000007 17.000000000000004 6.5000000000000009 6.5000000000000009 3.5000000000000004 4.5000000000000009
decision_type=2 2 2 2 2 2 2 2 2 2 2
left_child=1 4 8 6 -1 7 10 -6 -3 -8 -4
right_child=-2 2 3 -5 5 -7 9 -9 -10 -11 -12
leaf_value=0 0.004947775209512251 -0.0051384001357054482 0 -0.0039440849036935675 -0.0057956417680185253 0 0 0 0 0.0046899292713963722 0.00080219980524224557
leaf_weight=9.7305341996252519 41.096873953938484 10.610357478260992 7.9661329537630108 13.529401227831839 46.347564063966274 10.42668769136071 6.6166808903217307 11.94537667557597 3.6167815178632727 35.428049601614475 20.66850147023797
leaf_count=30 102 92 51 112 321 52 43 57 18 110 85
internal_value=-5.16374e-05 -0.00158688 0 0.00134051 -0.0036815 -0.00454033 0.00312627 -0.00509348 -0.00420211 0.00419008 1.65483e-07
internal_weight=217.983 176.886 98.4359 84.2088 78.4502 68.7196 70.6794 58.2929 14.2271 42.0447 28.6346
internal_count=1073 971 511 401 460 430 289 378 110 153 136
is_linear=0
shrinkage=0.0069078


Tree=3
num_leaves=10
num_cat=0
split_feature=5 4 5 5 4 28 28 28 28
split_gain=105.741 32.2254 23.8273 7.12521 1.86516 1.47158 0.972607 1.13944 0.455168
threshold=94.450000000000017 37.500000000000007 30.100000000000005 45.350000000000001 38.500000000000007 0.0036559440860267503 0.1734681444098822 0.055433977381065903 0.49723422411597229
decision_type=2 2 2 2 2 2 2 2 2
left_child=1 2 5 6 -3 -1 7 -4 -5
right_child=-2 4 3 8 -6 -7 -8 -9 -10
leaf_value=0 0.0066160908340982877 0 0 -0.0032816278111258142 0.0033862953378050063 -0.0076150989218873614 0 0.0026444153359445675 0
leaf_weight=2.1730434596538535 65.799844179302454 16.146392822265629 10.200264438986784 22.7312240973115 12.272144116461275 65.743899386376143 6.7739360630512229 10.740201108157633 3.6849564760923377
leaf_count=12 118 58 43 151 26 587 34 28 16
internal_value=-2.76345e-06 -0.00332914 -0.00490147 -0.000542491 0.00203842 -0.00744587 0.00101349 0.00167486 -0.0030065
internal_weight=216.266 150.466 122.048 54.1306 28.4185 67.9169 27.7144 20.9405 26.4162
internal_count=1073 955 871 272 84 599 105 71 167
is_linear=0
shrinkage=0.0069078


Tree=4
num_leaves=8
num_cat=0
split_feature=5 5 2 2 6 5 16
split_gain=89.8623 15.6385 12.5143 8.36038 4.42999 3.77587 1.36393
threshold=94.450000000000017 30.100000000000005 14.500000000000002 7.5000000000000009 108.05000000000001 57.45000000000001 21.000000000000004
decision_type=2 2 2 2 2 2 2
left_child=1 2 -1 4 -3 6 -5
right_child=-2 3 -4 5 -6 -7 -8
leaf_value=-0.0060800722881675685 0.00606560819081782 -0.0045909442497870873 0 0.0033157256675108082 0 -5.7402244076649961e-05 0
leaf_weight=69.911474667489529 64.630824185907841 15.256126359105112 10.920387882739304 22.09530004858971 9.5207121111452562 8.1423923224210721 7.60372520238161
leaf_count=582 118 111 67 63 45 50 37
internal_value=-3.76077e-05 -0.00321501 -0.00508284 0 -0.00298407 0.00144151 0.00267574
internal_weight=208.081 143.45 80.8319 62.6183 24.7768 37.8414 29.699
internal_count=1073 955 649 306 156 150 100
is_linear=0
shrinkage=0.0069078


Tree=5
num_leaves=15
num_cat=0
split_feature=4 9 10 17 4 27 9 10 17 7 7 16 17 9
split_gain=33.2158 10.9459 11.6019 6.87168 5.98204 10.2384 2.18468 1.68653 1.31419 1.29933 1.1337 0.908474 0.643359 0.512209
threshold=37.500000000000007 1.0000000180025095e-35 0.20169491525423733 55.349603174603182 33.500000000000007 1.0000000180025095e-35 0.049515639589168957 0.12372448979591837 58.394102564102575 6.5000000000000009 7.5000000000000009 11.500000000000002 67.640359477124207 0.033520599250936305
decision_type=2 2 2 2 2 2 2 2 2 2 2 2 2 2
left_child=1 3 4 -1 12 6 13 -7 9 -9 11 -4 -3 -6
right_child=-2 2 10 -5 5 7 -8 8 -10 -11 -12 -13 -14 -15
leaf_value=-0.0065973279346372695 0.0045521991576010293 -0.0027071437872979204 0 0 0 0 0 -0.0030755878944484878 0 0 0 -0.0036714344876278078 0 0.0045588114607510149
leaf_weight=22.123737573623661 41.741276174783707 6.6492385827004892 3.2375185862183562 8.2901295572519285 6.5659694634377948 4.5449639260768917 8.9263432845473272 14.160479422658687 3.3479389585554591 4.2503453865647307 4.9897456541657439 37.426654446870089 2.850818045437336 32.193378426134586
leaf_count=189 102 60 16 53 33 12 37 110 14 17 18 301 11 100
internal_value=-0.000164673 -0.00178555 -0.000465123 -0.00510725 0.000764796 0.00175228 0.00358374 -0.00064256 -0.00175605 -0.002396 -0.00311008 -0.00342499 -0.00213336 0.00417362
internal_weight=201.299 159.557 129.143 30.4139 83.4895 73.9894 47.6857 26.3037 21.7588 18.4108 45.6539 40.6642 9.50006 38.7593
internal_count=1073 971 729 242 394 323 170 153 141 127 335 317 71 133
is_linear=0
shrinkage=0.0069078


Tree=6
num_leaves=8
num_cat=0
split_feature=5 5 2 2 6 5 16
split_gain=83.2606 18.0856 13.4134 6.79355 4.50473 3.42686 0.936129
threshold=94.450000000000017 30.100000000000005 14.500000000000002 7.5000000000000009 108.05000000000001 57.45000000000001 21.000000000000004
decision_type=2 2 2 2 2 2 2
left_child=1 2 -1 4 -3 6 -5
right_child=-2 3 -4 5 -6 -7 -8
leaf_value=-0.0063847124067802352 0.0058471612077961397 -0.0044030767204462518 0 0.003062713623702017 0 0 0
leaf_weight=65.48095129057765 62.272674616426229 14.051723707467319 11.399019774049519 22.794368252158169 9.0728156119585019 7.9744422733783713 7.2810976877808562
leaf_count=582 118 111 67 63 45 50 37
internal_value=-0.000110321 -0.00323128 -0.0052832 0 -0.00269238 0.00138774 0.00254848
internal_weight=200.327 138.054 76.88 61.1744 23.1245 38.0499 30.0755
internal_count=1073 955 649 306 156 150 100
is_linear=0
shrinkage=0.0069078


Tree=7
num_leaves=11
num_cat=0
split_feature=5 18 5 2 5 2 18 16 28 28
split_gain=74.3773 26.8456 13.435 7.36507 3.74115 1.07527 0.734899 0.734077 0.834542 0.409097
threshold=94.450000000000017 37.500000000000007 27.750000000000004 15.500000000000002 40.750000000000007 7.5000000000000009 38.500000000000007 13.500000000000002 0.49723422411597229 0.12422699837567061
decision_type=2 2 2 2 2 2 2 2 2 2
left_child=1 2 3 -1 5 -4 -3 -6 -9 -7
right_child=-2 6 4 -5 7 9 -8 8 -10 -11
leaf_value=-0.0075249144798928483 0.0055357762802818395 0 0 0 0 0 0.0029050665464586127 -0.0031733710724570164 0 0.0019841845159939433
leaf_weight=52.36931118182838 61.561303529888391 14.305666022002699 7.1275543160736587 5.2566923424601546 3.2381693571805981 7.5806220471859005 10.588378272950647 20.994411379098896 3.1590011715888968 8.932716101408003
leaf_count=538 118 58 47 34 14 35 26 163 16 24
internal_value=-9.04797e-05 -0.00311745 -0.00464136 -0.00684784 -0.000907588 4.56106e-05 0.00196291 -0.00250024 -0.00281327 0.00141697
internal_weight=195.114 133.553 108.658 57.626 51.0325 23.6409 24.894 27.3916 24.1534 16.5133
internal_count=1073 955 871 572 299 106 84 193 179 59
is_linear=0
shrinkage=0.0069078


Tree=8
num_leaves=8
num_cat=0
split_feature=5 4 21 6 6 5 5
split_gain=74.0259 34.6081 6.0424 3.95513 4.26179 1.75657 0.928585
threshold=76.40000000000002 36.500000000000007 1.0000000180025095e-35 106.35000000000001 94.950000000000017 32.250000000000007 36.45000000000001
decision_type=2 2 2 2 2 2 2
left_child=1 5 -2 4 -3 -1 -7
right_child=2 3 -4 -5 -6 6 -8
leaf_value=-0.0066344922243649976 0.0062372448567203096 0.0012035114814138766 0 0.0028892035330330096 -0.0032141858691268027 0 -0.0018563496454117546
leaf_weight=54.636610398069024 57.959708146750927 12.116147052496673 11.500038176774977 23.42424177005887 7.6379138566553584 6.6506598591804531 21.505499180406332
leaf_count=547 117 54 34 81 61 25 152
internal_value=0 -0.00299675 0.00543463 0.00125699 0 -0.0055026 -0.00128077
internal_weight=195.431 125.971 69.4597 43.1783 19.7541 82.7928 28.1562
internal_count=1071 920 151 196 115 724 177
is_linear=0
shrinkage=0.0069078


Tree=9
num_leaves=14
num_cat=0
split_feature=18 2 6 21 6 17 17 10 2 6 2 10 27
split_gain=21.3408 10.7146 7.30305 5.86283 7.16312 5.55729 2.5695 1.82693 2.12864 1.64639 0.345236 2.40363 0.330763
threshold=36.500000000000007 6.5000000000000009 119.95000000000002 1.0000000180025095e-35 106.25000000000001 55.349603174603182 39.459166666666675 0.17846085802742148 7.5000000000000009 69.850000000000009 11.500000000000002 0.23030303030303029 1.0000000180025095e-35
decision_type=2 2 2 2 2 2 2 2 2 2 2 2 2
left_child=1 2 -1 -2 6 7 -5 8 -3 -7 -9 -12 -11
right_child=3 5 -4 4 -6 9 -8 10 -10 12 11 -13 -14
leaf_value=-0.0051333702737909699 0.0052932063887103495 0 0 -0.0035479184759012131 0.0027624586695458686 0 0 -0.00068701734324379108 -0.0036020890808010769 0.0033696535486311316 0.0021656752436963679 -0.00054513422770746526 0
leaf_weight=35.058319745585322 26.41454179212451 2.9993022084236136 7.7790290266275397 8.5410809703171235 22.788319043815136 5.3634118251502541 5.7285932376980773 21.035839600488544 12.704745894297956 14.322484143078327 14.87834567949176 6.4352961685508481 8.7351178452372551
leaf_count=289 72 15 45 65 63 52 30 139 115 36 54 60 36
internal_value=0 -0.00148027 -0.00396105 0.00313957 0.000103658 0 -0.00206079 -0.0011824 -0.00270287 0.00213757 0 0.000272793 0.00278868
internal_weight=192.784 129.312 42.8373 63.4725 37.058 86.4745 14.2697 58.0535 15.704 28.421 42.3495 21.3136 23.0576
internal_count=1071 841 334 230 158 507 95 383 130 124 253 114 72
is_linear=0
shrinkage=0.0069078


Tree=10
num_leaves=10
num_cat=0
split_feature=18 2 7 9 9 27 9 17 17
split_gain=19.7465 11.9666 9.27661 5.69716 5.85975 5.27391 0.69402 0.709387 0.419222
threshold=36.500000000000007 11.500000000000002 6.5000000000000009 0.049515639589168957 0.039736842105263161 6.0000000000000009 0.045478036175710557 28.300476190476193 52.212708333333346
decision_type=2 2 2 2 2 2 2 2 2
left_child=1 2 -1 4 -3 -2 -7 -8 -4
right_child=5 3 8 -5 -6 6 7 -9 -10
leaf_value=-0.0040705771499528224 0.0050948333483942778 0 0 -0.0012679203465511858 0.0044694079174215258 0 0 0.0016025380881342659 0.00099010869389766346
leaf_weight=65.487938214093447 26.666107345372438 13.150429349392651 9.247143570333721 10.88394248485565 19.119393568485975 11.940429355949162 8.0221170820295828 17.200481630861759 11.330362256616352
leaf_count=526 72 84 53 94 52 60 38 60 32
internal_value=0 -0.00138595 -0.00288673 0.000916081 0.00261902 0.00304644 0.000105337 0.000990212 0
internal_weight=193.048 129.219 86.0654 43.1538 32.2698 63.8291 37.163 25.2226 20.5775
internal_count=1071 841 611 230 136 230 158 98 85
is_linear=0
shrinkage=0.0069078


Tree=11
num_leaves=11
num_cat=0
split_feature=4 27 4 27 9 9 7 3 28 9
split_gain=18.5742 4.79313 8.10811 4.54784 4.28782 8.06463 2.47725 0.863281 0.821103 0.650258
threshold=36.500000000000007 1.0000000180025095e-35 33.500000000000007 6.0000000000000009 0.050633812847172707 0.039736842105263161 7.5000000000000009 52.500000000000007 0.015505765057479252 0.045478036175710557
decision_type=2 2 2 2 2 2 2 2 2 2
left_child=1 2 6 -2 5 -4 -1 -6 -3 -5
right_child=3 8 4 9 7 -7 -8 -9 -10 -11
leaf_value=-0.0045300307227166062 0.0048883818451546414 0 -0.00012925314927715806 0 0 0.0039238366517395365 0 -0.0014073690236688643 -0.0042140770056827001 0.00096145558558754346
leaf_weight=13.71715913526714 26.760301671922207 14.693994220346211 20.624842084944248 11.794782754033802 3.5370112210512188 30.437592981383204 3.2760246731340876 20.860883623361588 19.870197873562574 25.239771012216806
leaf_count=142 72 95 143 60 16 105 9 156 175 98
internal_value=0 -0.00134526 -3.93691e-05 0.00296362 0.000666312 0.00193012 -0.00366167 -0.000735363 -0.00329866 0.000122526
internal_weight=190.813 127.018 92.4535 63.7949 75.4603 51.0624 16.9932 24.3979 34.5642 37.0346
internal_count=1071 841 571 230 420 248 151 172 270 158
is_linear=0
shrinkage=0.0069078


Tree=12
num_leaves=9
num_cat=0
split_feature=5 4 2 10 6 16 16 23
split_gain=72.0447 31.2325 14.6358 4.28472 3.33958 4.78113 1.71374 1.66988
threshold=76.40000000000002 36.500000000000007 15.500000000000002 0.43123138033763658 106.35000000000001 15.500000000000002 10.500000000000002 1.0000000180025095e-35
decision_type=2 2 2 2 2 2 2 2
left_child=1 2 3 6 5 -3 -1 -2
right_child=7 4 -4 -5 -6 -7 -8 -9
leaf_value=0 0.0062885409851093227 -0.0030239519176847546 6.7861286680784044e-05 0 0.0024803881746157516 0.0015754365256864316 -0.0070299571122495784 0.00024109058729085637
leaf_weight=2.2976322360336772 50.383448071777821 11.036452516913416 7.7357851285487405 5.6447738502174607 24.781943079084158 8.7462281957268697 63.578710447996855 16.370378606021404
leaf_count=16 104 84 40 40 81 31 628 47
internal_value=0 -0.00296034 -0.00543165 -0.00640303 0.000955237 0 -0.0068421 0.00547514
internal_weight=190.575 123.822 79.2569 71.5211 44.5646 19.7827 65.8763 66.7538
internal_count=1071 920 724 684 196 115 644 151
is_linear=0
shrinkage=0.0069078


Tree=13
num_leaves=9
num_cat=0
split_feature=5 4 2 21 6 16 16 6
split_gain=64.1804 29.643 14.8169 4.75283 2.50408 4.74491 1.42848 1.54693
threshold=76.40000000000002 36.500000000000007 15.500000000000002 1.0000000180025095e-35 106.35000000000001 15.500000000000002 10.500000000000002 57.350000000000001
decision_type=2 2 2 2 2 2 2 2
left_child=1 2 6 -2 5 -3 -1 -8
right_child=3 4 -4 -5 -6 -7 7 -9
leaf_value=0 0.0059217656921243629 -0.0028884120408312949 0.00019337915056623841 0 0.0022342296324173879 0.0018252646740450499 0 -0.0066667656498746019
leaf_weight=2.3062874153256407 55.439474776387215 10.747694458812477 7.9879817701876155 10.594338215887545 25.003125213086605 9.2434553764760476 3.4614393264055243 63.804380906745791
leaf_count=16 117 84 40 34 81 31 29 639
internal_value=0 -0.00279319 -0.00525323 0.00520591 0.000967618 0 -0.00627543 -0.00643922
internal_weight=188.588 122.554 77.5601 66.0338 44.9943 19.9911 69.5721 67.2658
internal_count=1071 920 724 151 196 115 684 668
is_linear=0
shrinkage=0.0069078


Tree=14
num_leaves=9
num_cat=0
split_feature=5 18 2 27 10 16 10 10
split_gain=62.5981 28.1181 14.4571 3.95327 3.30685 1.62407 1.30287 2.72111
threshold=76.40000000000002 36.500000000000007 15.500000000000002 6.0000000000000009 0.43123138033763658 10.500000000000002 0.17349498327759191 0.19821428571428573
decision_type=2 2 2 2 2 2 2 2
left_child=1 2 4 -2 5 -1 -3 -8
right_child=3 6 -4 -5 -6 -7 7 -9
leaf_value=0 0.0058062890490145702 0 0.0001056164001532468 0 0 -0.0068280029634779542 0.0028581509036884304 0
leaf_weight=2.3394229635596266 55.245637983083725 10.397196210920809 8.2290710471570474 10.500082492828367 5.3882646560668936 60.258792009204626 19.49999662488699 14.511869851499794
leaf_count=16 117 57 40 34 40 628 63 76
internal_value=0 -0.00278671 -0.00520141 0.00514399 -0.00623644 -0.00663466 0.000880013 0.00155054
internal_weight=186.37 120.625 76.2156 65.7457 67.9865 62.5982 44.4091 34.0119
internal_count=1071 920 724 151 684 644 196 139
is_linear=0
shrinkage=0.0069078


Tree=15
num_leaves=9
num_cat=0
split_feature=5 4 2 21 6 6 6 6
split_gain=56.7586 27.4104 12.7283 4.009 2.6519 2.90756 1.34917 0.801279
threshold=76.40000000000002 36.500000000000007 15.500000000000002 1.0000000180025095e-35 106.85000000000001 94.950000000000017 57.350000000000001 106.25000000000001
decision_type=2 2 2 2 2 2 2 2
left_child=1 2 6 -2 5 -3 -1 -7
right_child=3 4 -4 -5 -6 7 -8 -9
leaf_value=0 0.0056027580855223099 0.0011524894441043857 0 0 0.0024034519665825679 -0.0030547412413698145 -0.0062685986718913119 0
leaf_weight=3.2563505899161092 54.608158554881811 12.748237051069738 7.7433480322360984 10.61637846380472 20.734164513647556 6.7836690507829172 63.061575010418892 4.4673961400985718
leaf_count=29 117 54 40 34 68 59 655 15
internal_value=0 -0.00265388 -0.00510061 0.00493264 0.00092113 0 -0.0060617 -0.00232369
internal_weight=184.019 118.795 74.0613 65.2245 44.7335 23.9993 66.3179 11.2511
internal_count=1071 920 724 151 196 128 684 74
is_linear=0
shrinkage=0.0069078


Tree=16
num_leaves=13
num_cat=0
split_feature=4 27 4 2 6 6 4 6 28 10 28 28
split_gain=15.4388 16.7205 6.26178 4.95574 4.76519 2.44232 2.41387 2.96064 2.02969 0.709653 0.694102 0.343959
threshold=35.500000000000007 1.5000000000000002 38.500000000000007 11.500000000000002 106.05000000000001 56.400000000000006 33.500000000000007 70.450000000000017 0.015535232735573201 0.25873937103522743 0.96768648718973171 0.015505765057479252
decision_type=2 2 2 2 2 2 2 2 2 2 2 2
left_child=3 9 4 5 -3 -1 -5 -8 11 -2 -10 -7
right_child=1 2 -4 6 -6 8 7 -9 10 -11 -12 -13
leaf_value=0 0.0052566782447825327 -0.0039512558042935596 0.0023956889635345213 -0.0017369117102346504 0 -0.00085674167520270207 0 0.0026915935281487664 -0.0041906630014141438 0 0 0.00018936718240125514
leaf_weight=5.2655568718910208 38.923845212906599 17.331583701074123 10.952112644910811 5.3152073118835714 18.10881507396698 12.617566879838707 5.2658631876111057 20.331347730010748 32.481646813452244 7.2314608283340922 3.7002869173884383 4.5882035046815863
leaf_count=21 118 156 23 60 85 102 48 69 287 45 24 14
internal_value=0.00017402 0.00220851 -0.000137248 -0.00158184 -0.00203801 -0.00267129 0 0.00143871 -0.00309889 0.00483752 -0.00392352 0
internal_weight=182.113 92.5478 46.3925 89.5657 35.4404 58.6533 30.9124 25.5972 53.3877 46.1553 36.1819 17.2058
internal_count=1052 427 264 625 241 448 177 117 427 163 311 116
is_linear=0
shrinkage=0.0069078


Tree=17
num_leaves=7
num_cat=0
split_feature=5 4 5 7 17 17
split_gain=55.0132 14.7193 11.7787 1.77502 1.5728 0.905695
threshold=27.050000000000004 36.500000000000007 94.450000000000017 2.5000000000000004 35.487500000000004 67.640359477124207
decision_type=2 2 2 2 2 2
left_child=1 3 4 -1 -2 -5
right_child=2 -3 -4 5 -6 -7
leaf_value=0 0.0013344205950131716 0 0.0050980707161562659 -0.0067468314758396056 -0.00040310648617084146 0
leaf_weight=1.9752196706831444 30.124066010117531 22.182828731834888 60.513829439878464 39.595806924626231 24.505226876586676 2.0817088931798926
leaf_count=18 123 124 129 446 186 26
internal_value=0.000190902 -0.00430018 0.00316816 -0.00629218 5.71571e-05 -0.00654226
internal_weight=180.979 65.8356 115.143 43.6527 54.6293 41.6775
internal_count=1052 614 438 490 309 472
is_linear=0
shrinkage=0.0069078


Tree=18
num_leaves=8
num_cat=0
split_feature=5 4 5 9 2 10 5
split_gain=53.4752 12.6196 11.4022 3.97377 3.21642 1.25481 0.530354
threshold=27.050000000000004 36.500000000000007 94.450000000000017 0.025167084377610654 7.5000000000000009 0.13118961352657002 77.100000000000009
decision_type=2 2 2 2 2 2 2
left_child=1 -1 4 -4 6 -6 -2
right_child=2 -3 3 -5 5 -7 -8
leaf_value=-0.0061589308930272355 -0.0016046856730643861 0 0 0.0058029193099646244 0 0.0021445298762329118 0
leaf_weight=42.590231919661164 14.926456667482855 21.555784791707993 11.787308488041161 48.37102984637022 5.3164925016462794 29.427671879529953 5.4453695937991133
leaf_count=490 125 124 39 90 36 119 29
internal_value=0.00019111 -0.00430598 0.00310772 0.00502016 5.84002e-05 0.00163542 -0.0011133
internal_weight=179.42 64.146 115.274 60.1583 55.116 34.7442 20.3718
internal_count=1052 614 438 129 309 155 154
is_linear=0
shrinkage=0.0069078


Tree=19
num_leaves=14
num_cat=0
split_feature=4 27 3 2 10 4 10 7 28 17 7 2 28
split_gain=15.4818 15.7016 5.49452 2.98039 1.53514 1.37972 1.35205 1.0627 0.938082 0.979181 0.576728 0.36073 0.335261
threshold=35.500000000000007 1.5000000000000002 53.500000000000007 11.500000000000002 0.17349498327759191 33.500000000000007 0.19821428571428573 3.5000000000000004 0.96768648718973171 63.399487179487188 5.5000000000000009 7.5000000000000009 0.12067328758787181
decision_type=2 2 2 2 2 2 2 2 2 2 2 2 2
left_child=2 7 5 8 -3 -1 10 -2 9 -4 -6 -7 -5
right_child=1 4 3 12 6 11 -8 -9 -10 -11 -12 -13 -14
leaf_value=-0.00041002936909616369 0 -0.0019374924911295167 -0.0043658809291979035 0.00025836437932746996 0 0 -0.00037415149595868989 0.0051877149864422972 0 0 0.0021331951875560706 0.0019380597689140492 -0.00096619385334600037
leaf_weight=7.4234698824584511 6.7451271302998057 10.502942014485596 30.088036371394992 13.828971445560457 10.448545873165132 5.788697041571143 13.805169325321911 38.990371275693178 3.4522298574447623 6.8933810032904139 10.446042917668818 12.296812377870081 6.4235099516808978
leaf_count=54 42 83 272 66 61 40 92 121 22 62 28 50 59
internal_value=0.00017506 0.00222214 -0.00162186 -0.0027112 -6.68255e-05 0 0 0.00476186 -0.00363731 -0.00389789 0.00143032 0.00152375 0
internal_weight=177.133 90.9382 86.1951 60.6861 45.2027 25.509 34.6998 45.7355 40.4336 36.9814 20.8946 18.0855 20.2525
internal_count=1052 427 625 481 264 144 181 163 356 334 89 90 125
is_linear=0
shrinkage=0.0069078


Tree=20
num_leaves=10
num_cat=0
split_feature=5 5 9 2 6 6 6 5 5
split_gain=53.2542 12.7653 2.56049 2.50895 1.77158 2.17951 0.821738 0.996341 0.465179
threshold=27.050000000000004 94.450000000000017 0.025167084377610654 7.5000000000000009 113.65000000000002 74.350000000000009 108.25000000000001 77.100000000000009 24.550000000000004
decision_type=2 2 2 2 2 2 2 2 2
left_child=8 3 -3 6 5 -5 7 -2 -1
right_child=1 2 -4 4 -6 -7 -8 -9 -10
leaf_value=-0.0044735736053351681 -0.0025305230976603822 0 0.0058334817421346885 0 0 0.0031172196111746101 0 0 0
leaf_weight=59.675665482878685 9.4732078202068823 11.891689401119946 47.4998779296875 8.0846519060432929 6.8065802678465834 19.352163702249527 5.8378335237503043 4.5517254360020152 3.5055958218872538
leaf_count=586 93 39 90 56 46 53 37 24 28
internal_value=0.000186609 0.00312098 0.00513172 0 0.00142284 0.00217189 -0.00105196 -0.00175605 -0.00432836
internal_weight=176.679 113.498 59.3916 54.1062 34.2434 27.4368 19.8628 14.0249 63.1813
internal_count=1052 438 129 309 155 109 154 117 614
is_linear=0
shrinkage=0.0069078


Tree=21
num_leaves=12
num_cat=0
split_feature=18 9 3 10 6 17 21 18 6 28 9
split_gain=14.3661 10.5531 5.43807 4.71411 3.3067 1.92349 1.36909 1.2258 1.45097 0.995501 0.653343
threshold=35.500000000000007 1.0000000180025095e-35 53.500000000000007 0.20169491525423733 119.95000000000002 80.190144230769249 1.0000000180025095e-35 33.500000000000007 80.950000000000017 0.0038849515942992502 0.048115079365079354
decision_type=2 2 2 2 2 2 2 2 2 2 2
left_child=2 -2 7 6 5 9 -3 -1 -9 -4 -8
right_child=1 3 4 -5 -6 -7 10 8 -10 -11 -12
leaf_value=-0.00015322999348210551 -0.0014972298956691774 0.0054056584270632431 0 0 0 0 0 0 0.0023972761716643223 -0.0038075500954145827 0.0011714613850001918
leaf_weight=6.8996233660727766 12.495480183511971 32.218577653169632 3.1309632919728747 21.265888676047325 8.7722771391272527 2.7635449767112723 4.9709397256374386 4.9412263929843929 13.108916062861679 44.738170281052589 19.235086292028427
leaf_count=54 92 91 16 130 53 23 27 45 45 389 87
internal_value=0.000196153 0.00217333 -0.00154747 0.00326344 -0.002656 -0.00327619 0.00418833 6.38746e-05 0.00146548 -0.00358694 0.000480229
internal_weight=174.541 90.186 84.3547 77.6905 59.405 50.6327 56.4246 24.9498 18.0501 47.8691 24.206
internal_count=1052 427 625 335 481 428 205 144 90 405 114
is_linear=0
shrinkage=0.0069078


Tree=22
num_leaves=11
num_cat=0
split_feature=5 5 4 9 2 7 6 6 6 5
split_gain=51.1978 11.232 10.0173 3.32925 2.57387 1.75105 1.61094 1.7872 0.844596 1.05521
threshold=27.050000000000004 94.450000000000017 36.500000000000007 0.025167084377610654 7.5000000000000009 2.5000000000000004 113.65000000000002 74.350000000000009 108.25000000000001 77.100000000000009
decision_type=2 2 2 2 2 2 2 2 2 2
left_child=2 4 5 -3 8 -1 7 -6 9 -2
right_child=1 3 -4 -5 6 -7 -8 -9 -10 -11
leaf_value=0 -0.0025158163626665718 0 0 0.0057376844396972177 0 -0.0062231662838880542 0 0.0030233227932080831 0 0
leaf_weight=1.9657300896942604 9.5827739983797091 11.379312288016079 21.090136300772429 46.61011378467083 8.0756866596639174 39.238402348011732 6.5961354523897162 19.099534086883068 5.7959261871874324 4.5664164014160624
leaf_count=18 93 39 124 90 56 472 46 53 37 24
internal_value=0.000163661 0.00307008 -0.00428353 0.00499663 9.2044e-06 -0.00596254 0.00149203 0.00217984 -0.000972401 -0.00170788
internal_weight=174 111.706 62.2943 57.9894 53.7165 41.2041 33.7714 27.1752 19.9451 14.1492
internal_count=1052 438 614 129 309 490 155 109 154 117
is_linear=0
shrinkage=0.0069078


Tree=23
num_leaves=9
num_cat=0
split_feature=4 27 4 28 28 17 17 28
split_gain=12.9226 14.4184 3.36053 2.5473 1.13108 0.531923 0.489826 0.303257
threshold=35.500000000000007 1.5000000000000002 33.500000000000007 0.086628329596612513 0.96768648718973171 80.190144230769249 29.428125000000005 0.015535232735573201
decision_type=2 2 2 2 2 2 2 2
left_child=2 -2 5 6 -5 -1 -4 -8
right_child=1 -3 3 4 -6 -7 7 -9
leaf_value=-0.0039668531541987026 0.0045232308380296288 -0.00012726006994613458 0 -0.0021195370442946724 0 0 0.0014789551084829573 0
leaf_weight=16.143472716212276 44.504643976688385 44.58616915345192 5.6586412359029046 26.527366261929277 3.502996861934661 2.3489954695105544 15.408700171858074 13.362289708107708
leaf_count=163 163 264 41 201 17 18 87 98
internal_value=0.000142658 0.00204139 -0.00151505 -4.21571e-05 -0.00164616 -0.00367075 0.000600934 0.00101622
internal_weight=172.043 89.0908 82.9525 64.46 30.0304 18.4925 34.4296 28.771
internal_count=1052 427 625 444 218 181 226 185
is_linear=0
shrinkage=0.0069078


Tree=24
num_leaves=15
num_cat=0
split_feature=4 9 9 4 6 3 21 6 10 6 10 2 10 6
split_gain=8.90906 6.4635 14.2294 3.21334 2.63637 2.37531 2.18211 2.03717 1.71861 2.89045 1.04682 1.35654 0.655578 0.255541
threshold=33.500000000000007 0.039736842105263161 0.050633812847172707 37.500000000000007 108.25000000000001 53.500000000000007 1.0000000180025095e-35 56.800000000000004 0.49242424242424249 108.55000000000001 0.39231927710843378 14.500000000000002 0.16374829001367988 112.15000000000002
decision_type=2 2 2 2 2 2 2 2 2 2 2 2 2 2
left_child=7 5 6 4 10 13 -3 -1 9 -7 11 12 -4 -2
right_child=1 2 3 -5 -6 8 -8 -9 -10 -11 -12 -13 -14 -15
leaf_value=0 0.00084800214581923444 0.0043179338297239817 0 0.00061778767411422523 0 -0.0038027030041122086 0 -0.0048139098898378413 0 0 0 0 -0.0041749478268890009 0
leaf_weight=6.229214575141671 7.8812314961105567 42.986154897138476 2.3696878366172411 8.624943941831587 11.613743582740424 20.803882930427797 15.697944298386572 12.794953450560568 4.2756513990461817 6.6481301933526984 2.8983497135341159 2.9610874950885764 17.203790232539177 4.772889781743288
leaf_count=38 34 162 13 28 79 178 80 145 22 46 20 17 171 31
internal_value=-0.000109711 0.000334276 0.00141546 -0.000851681 -0.00200973 -0.00135946 0.0035761 -0.003818 -0.00228015 -0.00283774 -0.0030073 -0.00338428 -0.0038596 0
internal_weight=167.762 148.737 104.356 45.6716 37.0467 44.3818 58.6841 19.0242 31.7277 27.452 25.4329 22.5346 19.5735 12.6541
internal_count=1064 881 570 328 300 311 242 183 246 224 221 201 184 65
is_linear=0
shrinkage=0.0069078


Tree=25
num_leaves=10
num_cat=0
split_feature=9 9 16 17 2 2 0 16 0
split_gain=7.47067 14.3769 4.30825 2.75212 1.41634 1.37861 1.59482 0.583693 0.644321
threshold=0.039736842105263161 0.050633812847172707 15.500000000000002 53.556250000000013 14.500000000000002 13.500000000000002 1075.0000000000002 11.500000000000002 1075.0000000000002
decision_type=2 2 2 2 2 2 2 2 2
left_child=3 2 -2 5 7 6 -1 -3 -9
right_child=1 4 -4 -5 -6 -7 -8 8 -10
leaf_value=0 0 0 0.0037792559462021774 0 0 0 -0.0039291501066440271 0 -0.0023066931485014098
leaf_weight=2.6458830088377026 16.605927921831608 3.7545504309236994 48.048840532079339 12.512991139665244 5.5302031263709059 7.8018798306584349 27.9732865113765 3.3315993156284085 39.890168804675341
leaf_count=11 89 17 200 80 32 45 245 15 330
internal_value=-7.18471e-05 0.000681552 0.00287709 -0.00223126 -0.00147707 -0.00300916 -0.00353441 -0.00189809 -0.00209618
internal_weight=168.095 117.161 64.6548 50.934 52.5065 38.421 30.6192 46.9763 43.2218
internal_count=1064 683 289 381 394 301 256 362 345
is_linear=0
shrinkage=0.0069078


Tree=26
num_leaves=8
num_cat=0
split_feature=5 5 9 10 5 9 0
split_gain=34.4508 4.43895 4.09005 2.27041 3.32981 1.24739 0.599794
threshold=76.40000000000002 14.450000000000001 0.017148526077097454 0.36397058823529416 18.600000000000005 0.064085048245239459 1075.0000000000002
decision_type=2 2 2 2 2 2 2
left_child=1 -1 -2 4 -3 -4 -6
right_child=2 3 5 -5 6 -7 -8
leaf_value=-0.0042180007917708004 0 0 0.0049205160868188479 0.0009778893171153726 0 0 -0.0023864223009204531
leaf_weight=43.019943909719586 11.006318267434834 13.138960307464002 38.95654135197401 5.6758834198117247 2.9897227790206662 9.3328616432845575 44.127503369003534
leaf_count=433 42 84 87 20 22 29 347
internal_value=-5.90331e-05 -0.00249766 0.00364471 -0.000532247 -0.00129059 0.00438575 -0.00220968
internal_weight=168.248 108.952 59.2957 65.9321 60.2562 48.2894 47.1172
internal_count=1064 906 158 473 453 116 369
is_linear=0
shrinkage=0.0069078


Tree=27
num_leaves=10
num_cat=0
split_feature=18 9 10 2 3 0 18 10 9
split_gain=9.48049 6.3188 6.06503 3.34294 3.05629 3.32208 2.3328 2.29504 0.608721
threshold=35.500000000000007 1.0000000180025095e-35 0.20169491525423733 10.500000000000002 52.500000000000007 1075.0000000000002 33.500000000000007 0.43123138033763658 0.045478036175710557
decision_type=2 2 2 2 2 2 2 2 2
left_child=3 -2 8 4 -1 -6 -5 -7 -3
right_child=1 2 -4 6 5 7 -8 -9 -10
leaf_value=0 -0.0012467870092847683 0 0 -0.0023463719629754371 0 -0.0044880368155878906 0.00084723028301777797 0 0.0038347056508869003
leaf_weight=7.6396717540919772 13.229170076549051 8.3969829790294153 19.206133995205164 6.1904273089021435 5.2543173097074023 34.408193876966834 28.913870697841048 2.5844282023608676 41.023500166833401
leaf_count=45 101 44 134 75 20 323 158 16 148
internal_value=-9.21728e-05 0.00129036 0.00232007 -0.0017932 -0.00279919 -0.00344143 0 -0.00407864 0.00347815
internal_weight=166.847 81.8558 68.6266 84.9909 49.8866 42.2469 35.1043 36.9926 49.4205
internal_count=1064 427 326 637 404 359 233 339 192
is_linear=0
shrinkage=0.0069078


Tree=28
num_leaves=8
num_cat=0
split_feature=5 4 5 21 2 4 6
split_gain=30.9714 10.2637 10.9445 3.6257 1.80784 3.82417 0.743666
threshold=76.40000000000002 35.500000000000007 30.100000000000005 1.0000000180025095e-35 7.5000000000000009 38.500000000000007 71.350000000000009
decision_type=2 2 2 2 2 2 2
left_child=1 2 -1 -2 5 -3 -6
right_child=3 4 -4 -5 6 -7 -8
leaf_value=-0.0063474054690876936 0.0041126441904639974 -0.0029770763685793918 0 0 0 0.00019193736165996423 0.001279591493713672
leaf_weight=32.139423480257392 50.195104636251926 18.339877579361204 20.562142293900251 8.1615262255072576 5.3750601075589648 4.2297425791621199 28.032663401216269
leaf_count=395 124 167 144 34 46 11 143
internal_value=-2.67479e-05 -0.00234679 -0.00429252 0.00350728 0 -0.0013883 0.000771298
internal_weight=167.036 108.679 52.7016 58.3566 55.9773 22.5696 33.4077
internal_count=1064 906 539 158 367 178 189
is_linear=0
shrinkage=0.0069078


Tree=29
num_leaves=9
num_cat=0
split_feature=5 4 5 27 2 4 5 5
split_gain=30.5989 10.5794 9.07158 3.62168 2.16571 3.69621 1.33228 2.23199
threshold=76.40000000000002 35.500000000000007 30.100000000000005 6.0000000000000009 7.5000000000000009 38.500000000000007 48.300000000000004 15.350000000000003
decision_type=2 2 2 2 2 2 2 2
left_child=1 2 -1 -2 5 -3 7 -6
right_child=3 4 -4 -5 6 -7 -8 -9
leaf_value=-0.0062498500960484508 0.0040557949590600681 -0.0030268832519783108 0 0 0 0 0 0.0027133212730189337
leaf_weight=31.638120144605637 50.535425201058388 18.107991028577093 19.685524573549628 8.2006927840411645 12.021147172898056 4.0842875316739073 3.7194721214473239 18.190898559987545
leaf_count=395 124 167 144 34 87 11 25 77
internal_value=-3.75926e-05 -0.00236657 -0.00437755 0.00345133 0 -0.00152463 0.000844344 0.00154873
internal_weight=166.184 107.447 51.3236 58.7361 56.1238 22.1923 33.9315 30.212
internal_count=1064 906 539 158 367 178 189 164
is_linear=0
shrinkage=0.0069078


Tree=30
num_leaves=10
num_cat=0
split_feature=5 4 5 21 2 4 5 5 6
split_gain=30.0413 9.97396 8.71356 3.18813 1.9104 3.63141 1.18108 2.11935 1.34616
threshold=76.40000000000002 35.500000000000007 30.100000000000005 1.0000000180025095e-35 7.5000000000000009 38.500000000000007 48.300000000000004 8.1500000000000004 72.250000000000014
decision_type=2 2 2 2 2 2 2 2 2
left_child=1 2 -1 -2 5 -3 7 -6 -9
right_child=3 4 -4 -5 6 -7 -8 8 -10
leaf_value=-0.0062271606795163605 0.0039471575165924777 -0.0030051739996006946 0 0 0 0 0 0 0.0029428623048100328
leaf_weight=30.898359691724181 50.484551597386599 17.769025962799791 19.429305056110024 8.083420876413582 5.4071766622364548 4.0798390954732886 3.7358936779201022 5.5159408226609257 19.067330174148083
leaf_count=395 124 167 144 34 46 11 25 44 74
internal_value=-6.29119e-05 -0.00239291 -0.00436977 0.00338663 0 -0.0014954 0.000717037 0.00141631 0.00230928
internal_weight=164.471 105.903 50.3277 58.568 55.5752 21.8489 33.7263 29.9904 24.5833
internal_count=1064 906 539 158 367 178 189 164 118
is_linear=0
shrinkage=0.0069078


Tree=31
num_leaves=10
num_cat=0
split_feature=5 4 5 9 9 2 4 9 9
split_gain=29.1574 9.68192 7.83026 3.60589 1.78542 1.60482 3.4995 2.11554 0.453323
threshold=76.40000000000002 35.500000000000007 30.100000000000005 0.017148526077097454 0.064085048245239459 7.5000000000000009 38.500000000000007 0.045478036175710557 0.064085048245239459
decision_type=2 2 2 2 2 2 2 2 2
left_child=1 2 -1 -2 -5 6 -3 -7 -9
right_child=3 5 -4 4 -6 7 -8 8 -10
leaf_value=-0.0061275658625914477 0 -0.0029238973049239116 0 0.0045780404715713013 0 0 0 0.002368166761069893 0
leaf_weight=30.433209663257003 10.440977565944193 17.453670479357246 19.425692034885287 38.718073084950447 9.3060954585671407 10.53955604881048 4.0838536620140067 15.770618520677091 7.258450385183095
leaf_count=395 42 167 144 87 29 76 11 67 46
internal_value=-7.2114e-05 -0.00238336 -0.00433948 0.00331991 0.00400632 0 -0.00139783 0.000626962 0.00191481
internal_weight=163.43 104.965 49.8589 58.4651 48.0242 55.1061 21.5375 33.5686 23.0291
internal_count=1064 906 539 158 116 367 178 189 113
is_linear=0
shrinkage=0.0069078


Tree=32
num_leaves=8
num_cat=0
split_feature=5 4 5 6 6 6 6
split_gain=33.8589 19.6436 4.94611 3.52866 3.63865 2.3906 0.299236
threshold=94.450000000000017 35.500000000000007 56.45000000000001 106.45000000000002 159.10000000000002 94.050000000000026 71.350000000000009
decision_type=2 2 2 2 2 2 2
left_child=1 2 -1 5 -5 6 -3
right_child=-2 3 -4 4 -6 -7 -8
leaf_value=-0.0060770701496060441 0.0041116168258345876 -0.00026873578219683127 0 0.0031128023864180326 0 -0.0028680324904482965 0.00073735291573947756
leaf_weight=38.490520736202598 51.99224903434515 10.731290556490423 10.545593103393911 22.241507690399889 7.4775897450745097 9.4801873601973039 14.556312229484318
leaf_count=480 122 89 68 87 59 74 87
internal_value=0 -0.00218122 -0.00511542 0 0.0018293 -0.000937803 0
internal_weight=165.515 113.523 49.0361 64.4869 29.7191 34.7678 25.2876
internal_count=1066 944 548 396 146 250 176
is_linear=0
shrinkage=0.0069078


Tree=33
num_leaves=9
num_cat=0
split_feature=5 4 5 6 6 9 6 6
split_gain=33.7442 18.6472 4.67906 3.38563 3.4764 2.69078 2.23414 0.253736
threshold=94.450000000000017 35.500000000000007 56.45000000000001 106.45000000000002 159.10000000000002 0.025167084377610654 94.050000000000026 71.350000000000009
decision_type=2 2 2 2 2 2 2 2
left_child=1 2 -1 6 -5 -2 7 -3
right_child=5 3 -4 4 -6 -7 -8 -9
leaf_value=-0.0059891976265557239 0 -0.00029809002017597866 0 0.0030243429198867173 0 0.0047621125138060027 -0.0028270091030356669 0.00066328848736599256
leaf_weight=38.161124546080828 9.6585233546793443 10.747743118554355 10.528913501650093 22.133721403777603 7.4617087654769412 41.955173969268799 9.5164057575166208 14.441106803715227
leaf_count=480 37 89 68 87 59 85 74 87
internal_value=0 -0.0021823 -0.00504651 0 0.00175844 0.0041174 -0.00097921 0
internal_weight=164.604 112.991 48.69 64.3007 29.5954 51.6137 34.7053 25.1888
internal_count=1066 944 548 396 146 122 250 176
is_linear=0
shrinkage=0.0069078


Tree=34
num_leaves=14
num_cat=0
split_feature=4 27 4 17 2 9 9 9 2 16 17 17 16
split_gain=17.5923 14.5901 9.05674 7.22913 2.30996 1.38896 1.71797 1.31191 0.767168 0.557669 0.360093 0.77588 0.260988
threshold=35.500000000000007 1.5000000000000002 37.500000000000007 58.791880341880351 11.500000000000002 0.021482277121374852 0.064085048245239459 0.04016129032258061 6.5000000000000009 11.500000000000002 24.889791666666671 61.057264957264962 31.000000000000004
decision_type=2 2 2 2 2 2 2 2 2 2 2 2 2
left_child=3 5 10 4 9 -2 -7 -4 -5 -1 -3 -12 -6
right_child=1 2 7 8 12 6 -8 -9 -10 -11 11 -13 -14
leaf_value=0 0 0 0 -0.0001200866863434894 -0.00080300638334226786 0.005351165850137455 0 0.0025103762978944131 0.0012198792391173024 -0.0049682986819757453 -0.003941920274074342 0 0
leaf_weight=4.9394788183271876 5.0265201665461055 3.9031993225216892 7.1010366007685688 3.7263835147023228 10.237939441576602 32.096046775579453 8.024008419364689 15.141275595873593 15.400369241833685 30.67537659779191 16.789725210517648 2.3001059778034678 8.4098469503223878
leaf_count=30 31 25 27 43 100 87 49 44 76 320 166 17 51
internal_value=0 0.00184905 -0.000319836 -0.00246092 -0.0036512 0.0043599 0.00472209 0.00169534 0 -0.00462172 -0.00329282 -0.00359935 0
internal_weight=163.771 90.3819 45.2353 73.3894 54.2626 45.1466 40.1201 22.2423 19.1268 35.6149 22.993 19.0898 18.6478
internal_count=1066 446 279 620 501 167 136 71 119 350 208 183 151
is_linear=0
shrinkage=0.0069078


Tree=35
num_leaves=7
num_cat=0
split_feature=4 27 4 17 9 4
split_gain=17.1519 13.6596 8.94917 7.05866 0.865143 0.801328
threshold=35.500000000000007 1.5000000000000002 37.500000000000007 58.791880341880351 0.064085048245239459 38.500000000000007
decision_type=2 2 2 2 2 2
left_child=3 4 -3 -1 -2 -4
right_child=1 2 5 -5 -6 -7
leaf_value=-0.0035895355873396258 0.0047420763947426947 -0.0032190848459343791 0 0 0 0.0025370166746473866
leaf_weight=54.150017101317644 36.781654480844736 22.840671665966511 10.35783150419593 19.085153978317976 7.8421801924705496 12.216422341763971
leaf_count=501 118 208 44 119 49 27
internal_value=0 0.00185383 -0.000214503 -0.00240938 0.00429354 0.00176689
internal_weight=163.274 90.0388 45.4149 73.2352 44.6238 22.5743
internal_count=1066 446 279 620 167 71
is_linear=0
shrinkage=0.0069078


Tree=36
num_leaves=6
num_cat=0
split_feature=5 4 5 4 2
split_gain=31.3671 17.0925 4.73295 1.6908 2.42225
threshold=94.450000000000017 35.500000000000007 56.45000000000001 38.500000000000007 7.5000000000000009
decision_type=2 2 2 2 2
left_child=1 2 -1 4 -3
right_child=-2 3 -4 -5 -6
leaf_value=-0.0058726380371525904 0.0039718919839845102 -0.0019533162052310501 0 0.0018886663172217586 0.00018050359027686972
leaf_weight=37.222077667713165 50.605170793831348 22.506279081106186 10.62301850505173 11.808351837098597 29.959448523819447
leaf_count=480 122 187 68 30 179
internal_value=0 -0.00214043 -0.00490752 0 -0.000317063
internal_weight=162.724 112.119 47.8451 64.2741 52.4657
internal_count=1066 944 548 396 366
is_linear=0
shrinkage=0.0069078


Tree=37
num_leaves=6
num_cat=0
split_feature=5 4 5 4 2
split_gain=31.0016 17.1783 4.37474 2.46773 2.37603
threshold=94.450000000000017 35.500000000000007 56.45000000000001 38.500000000000007 7.5000000000000009
decision_type=2 2 2 2 2
left_child=1 2 -1 4 -3
right_child=-2 3 -4 -5 -6
leaf_value=-0.0058522258280827048 0.0039622303402174703 -0.0019817785154006818 0 0.0023031596676065997 5.4728136160819756e-05
leaf_weight=36.953313000500202 50.24940212443471 22.364559918642044 10.53499781526625 11.196875579655169 29.931272123008966
leaf_count=480 122 187 68 30 179
internal_value=0 -0.0021364 -0.00491724 0 -0.000408035
internal_weight=161.23 110.981 47.4883 63.4927 52.2958
internal_count=1066 944 548 396 366
is_linear=0
shrinkage=0.0069078


Tree=38
num_leaves=9
num_cat=0
split_feature=5 4 5 4 2 6 6 27
split_gain=29.8256 17.0617 3.97163 2.40165 2.37833 1.08301 0.447132 0.288788
threshold=94.450000000000017 35.500000000000007 56.45000000000001 38.500000000000007 7.5000000000000009 107.65000000000002 72.450000000000017 1.0000000180025095e-35
decision_type=2 2 2 2 2 2 2 2
left_child=1 2 -1 4 6 -6 -3 -2
right_child=7 3 -4 -5 5 -7 -8 -9
leaf_value=-0.0058018751276278256 0.0044562886721219025 0 0 0.0022861168646038871 0 0.0015600518719535951 -0.0025938586832562416 0
leaf_weight=36.511036055162549 36.553383380174637 9.8568687699735182 10.46502251178026 11.150765612721441 17.72163320705295 12.269418992102144 12.244734834879635 13.629863500595091
leaf_count=480 84 70 68 30 128 51 117 38
internal_value=0 -0.0021095 -0.00489856 0 -0.000381259 8.3172e-05 -0.00197905 0.00388052
internal_weight=160.403 110.219 46.9761 63.2434 52.0927 29.9911 22.1016 50.1832
internal_count=1066 944 548 396 366 179 187 122
is_linear=0
shrinkage=0.0069078


Tree=39
num_leaves=11
num_cat=0
split_feature=4 27 4 2 6 6 6 6 9 6
split_gain=16.7212 13.816 8.17578 3.18467 1.04452 1.0371 0.921844 0.792588 0.762855 0.232561
threshold=35.500000000000007 1.5000000000000002 37.500000000000007 11.500000000000002 111.95000000000002 159.10000000000002 56.800000000000004 71.250000000000014 0.04016129032258061 164.05000000000004
decision_type=2 2 2 2 2 2 2 2 2 2
left_child=3 5 4 6 -3 7 -1 -2 -4 -7
right_child=1 2 8 -5 -6 9 -8 -9 -10 -11
leaf_value=0 0 -0.0036801576366416238 0 0 0 0 -0.0036416710986638865 0.005543934959295089 0.0021480715089471445 0.00090754370976476619
leaf_weight=3.9257388077676287 10.393733814358709 18.363580752164129 6.438250012695792 24.550977926701307 4.3049592971801749 4.6431054919958097 42.604634990915656 25.048104334622622 14.98173416405916 4.3978658318519592
leaf_count=21 50 180 27 188 28 44 411 67 44 6
internal_value=0 0.0017774 -0.000343068 -0.00247098 -0.00318383 0.004237 -0.00339624 0.00476547 0.00156409 0
internal_weight=159.653 88.5713 44.0885 71.0814 22.6685 44.4828 46.5304 35.4418 21.42 9.04097
internal_count=1066 446 279 620 208 167 432 117 71 50
is_linear=0
shrinkage=0.0069078


Tree=40
num_leaves=10
num_cat=0
split_feature=18 17 21 6 3 9 3 6 6
split_gain=12.0388 5.58234 5.52615 4.30857 5.73192 2.59733 2.93291 0.854166 0.663068
threshold=36.500000000000007 54.48258928571429 1.0000000180025095e-35 108.05000000000001 53.500000000000007 0.049515639589168957 55.500000000000007 110.35000000000001 120.85000000000001
decision_type=2 2 2 2 2 2 2 2 2
left_child=1 3 -2 4 -1 6 -3 -5 -9
right_child=2 5 -4 7 -6 -7 -8 8 -10
leaf_value=0 0.0044547802087713927 0.0030137163776957389 0 0.0010923880087262731 -0.0045569435508300282 -0.00077114653452599216 0 -0.0016619036656721413 0
leaf_weight=11.370259732007979 25.324012562632561 19.655257476493723 31.131624698638916 10.112983837723734 33.9929587431252 7.0197768229991189 5.125900585204362 8.8469792306423205 8.7683716751635057
leaf_count=77 77 78 153 35 338 75 45 111 69
internal_value=0 -0.00116806 0.00252852 -0.00224803 -0.00337703 0.000402707 0.00189044 0 -0.000818029
internal_weight=161.348 104.892 56.4556 73.0916 45.3632 31.8009 24.7812 27.7283 17.6154
internal_count=1058 828 230 630 415 198 123 215 180
is_linear=0
shrinkage=0.0069078


Tree=41
num_leaves=9
num_cat=0
split_feature=4 21 2 28 27 4 8 4
split_gain=11.6234 5.37346 4.93124 2.64869 0.790332 2.13756 2.96095 0.734062
threshold=36.500000000000007 1.0000000180025095e-35 6.5000000000000009 0.49723422411597229 1.5000000000000002 33.500000000000007 2021.5000000000002 38.500000000000007
decision_type=2 2 2 2 2 2 2 2
left_child=2 -2 3 -1 5 -4 -7 -3
right_child=1 7 4 -5 -6 6 -8 -9
leaf_value=-0.0037306577778584344 0.0043741933782992706 -0.00039397068355611053 -0.00094046341740554589 0 -0.0014895832082617796 0.0021558098079739623 0 0.0012682008614237875
leaf_weight=27.67850349843502 25.482115589082241 21.363151293247942 12.156239762902258 5.4124515764415255 5.718906555324792 40.283298479393125 13.121030941605566 9.7657576352357847
leaf_count=282 77 133 123 36 72 216 99 20
internal_value=0 0.00248247 -0.00114926 -0.00302224 0 0.000255855 0.0011875 0
internal_weight=160.981 56.611 104.37 33.091 71.2795 65.5606 53.4043 31.1289
internal_count=1058 230 828 318 510 438 315 153
is_linear=0
shrinkage=0.0069078


Tree=42
num_leaves=7
num_cat=0
split_feature=5 5 2 5 2 21
split_gain=30.4876 6.51124 7.81086 1.25822 2.38973 0.443358
threshold=76.40000000000002 30.100000000000005 13.500000000000002 52.20000000000001 7.5000000000000009 1.0000000180025095e-35
decision_type=2 2 2 2 2 2
left_child=1 2 -1 4 -3 -2
right_child=5 3 -4 -5 -6 -7
leaf_value=-0.004502752996676491 0.0040941943026937449 0 0 -0.0012367918824903572 0.0022242663488399256 0
leaf_weight=48.384760869666934 50.245958562940359 7.4581971112638739 13.131791841238735 11.286071313545106 19.813623022288084 9.9519290775060636
leaf_count=539 133 73 107 91 84 31
internal_value=0 -0.0021005 -0.00335013 0 0.000891581 0.00374819
internal_weight=160.272 100.074 61.5166 38.5579 27.2718 60.1979
internal_count=1058 894 646 248 157 164
is_linear=0
shrinkage=0.0069078


Tree=43
num_leaves=7
num_cat=0
split_feature=5 4 5 6 5 4
split_gain=31.4802 10.2899 6.32284 1.619 1.35278 0.603342
threshold=30.100000000000005 36.500000000000007 76.40000000000002 71.450000000000017 52.20000000000001 34.500000000000007
decision_type=2 2 2 2 2 2
left_child=1 -1 4 -4 5 -2
right_child=2 -3 3 -5 -6 -7
leaf_value=-0.0051695143454007185 0 0 0 0.0044429495631984365 -0.0012195674899928733 0.0014527051963500928
leaf_weight=40.04172951169312 6.9359270967543152 20.480883859097958 15.251382417976854 44.599323339760303 11.225348949432371 20.846817050129175
leaf_count=520 58 126 58 106 91 99
internal_value=0 -0.00343582 0.00251105 0.00377507 0 0.000965469
internal_weight=159.381 60.5226 98.8588 59.8507 39.0081 27.7827
internal_count=1058 646 412 164 248 157
is_linear=0
shrinkage=0.0069078


Tree=44
num_leaves=7
num_cat=0
split_feature=5 2 5 5 2 10
split_gain=30.2532 7.816 6.32847 1.12593 2.40251 0.428672
threshold=30.100000000000005 13.500000000000002 76.40000000000002 52.20000000000001 7.5000000000000009 0.12074829931972787
decision_type=2 2 2 2 2 2
left_child=1 -1 3 4 -2 -4
right_child=2 -3 5 -5 -6 -7
leaf_value=-0.0045618413977913056 0 0 0 -0.0011482222949631454 0.0022012657045257394 0.0040232947101296549
leaf_weight=47.172466581687331 7.3951383177191046 13.023849584162233 8.8321140855550748 11.156477769836782 20.166514407843351 50.754622332751751
leaf_count=539 73 107 35 91 84 129
internal_value=0 -0.0033932 0.00245281 0 0.000859295 0.00371576
internal_weight=158.501 60.1963 98.3049 38.7181 27.5617 59.5867
internal_count=1058 646 412 248 157 164
is_linear=0
shrinkage=0.0069078


Tree=45
num_leaves=11
num_cat=0
split_feature=4 17 21 6 3 9 3 4 6 6
split_gain=11.7808 5.1351 4.92934 3.92791 5.38724 1.91828 2.47989 0.857505 0.544283 0.511641
threshold=36.500000000000007 54.48258928571429 1.0000000180025095e-35 108.05000000000001 53.500000000000007 0.049515639589168957 55.500000000000007 38.500000000000007 110.35000000000001 120.85000000000001
decision_type=2 2 2 2 2 2 2 2 2 2
left_child=1 3 -2 4 -1 6 -3 -4 -5 -10
right_child=2 5 7 8 -6 -7 -8 -9 9 -11
leaf_value=0 0.0043402167368531116 0.0027260538705186593 -0.0003876340748639141 0.00083872036831453235 -0.0044672780171247477 -0.00050380078453220818 0 0.0014097311365028247 -0.0014437839701041868 0
leaf_weight=11.240613913163541 24.941640879958868 19.097980104386814 21.222370617091659 9.9644445367157477 33.145050086081028 6.7747120857238761 5.0329862162470809 9.2229689508676511 8.6707143690437096 8.5059900991618616
leaf_count=77 77 78 133 35 338 75 45 20 111 69
internal_value=0 -0.00118495 0.00250834 -0.00222235 -0.00330939 0.000296756 0.00165573 0 0 -0.000692189
internal_weight=157.819 102.432 55.387 71.5268 44.3857 30.9057 24.131 30.4453 27.1411 17.1767
internal_count=1058 828 230 630 415 198 123 153 215 180
is_linear=0
shrinkage=0.0069078


Tree=46
num_leaves=7
num_cat=0
split_feature=5 18 5 9 5 18
split_gain=28.3056 10.0188 5.92088 3.15225 1.11152 0.547282
threshold=30.100000000000005 36.500000000000007 76.40000000000002 0.025167084377610654 52.20000000000001 34.500000000000007
decision_type=2 2 2 2 2 2
left_child=1 -1 4 -4 5 -2
right_child=2 -3 3 -5 -6 -7
leaf_value=-0.0050427661525980902 0 0 0 0.0043014900204984621 -0.0011477228254146885 0.001328281270859784
leaf_weight=39.307797396555543 6.9233166314661529 20.117429532110691 12.526161931455134 46.663701683282852 11.17580173909664 20.66812327504158
leaf_count=520 58 126 53 111 91 99
internal_value=0 -0.00331394 0.00236446 0.00359225 0 0.000847925
internal_weight=157.382 59.4252 97.9571 59.1899 38.7672 27.5914
internal_count=1058 646 412 164 248 157
is_linear=0
shrinkage=0.0069078


Tree=47
num_leaves=9
num_cat=0
split_feature=5 4 4 5 2 5 9 5
split_gain=28.1286 9.81545 5.7389 2.90552 2.07546 1.93905 1.68848 0.287834
threshold=30.100000000000005 36.500000000000007 33.500000000000007 76.40000000000002 15.500000000000002 52.20000000000001 0.017148526077097454 126.05000000000001
decision_type=2 2 2 2 2 2 2 2
left_child=1 4 7 5 -1 -4 -5 -2
right_child=2 -3 3 6 -6 -7 -8 -9
leaf_value=-0.005420852101710099 -0.00099031842018086212 0 0.0015606704031246857 0 0 -0.00068540492590210534 0.0045505378851435629 0
leaf_weight=35.605584686622024 5.2599000837653858 20.053641051054001 25.642650969326496 8.9616939388215524 3.0110723599791518 9.7064171209931356 43.491783276200294 4.9018559530377388
leaf_count=489 51 126 131 36 31 74 105 15
internal_value=0 -0.00331746 0.00236096 0.00299703 -0.00504518 0.000139099 0.00404746 -0.000129884
internal_weight=156.635 58.6703 97.9643 87.8025 38.6167 35.3491 52.4535 10.1618
internal_count=1058 646 412 346 520 205 141 66
is_linear=0
shrinkage=0.0069078


Tree=48
num_leaves=12
num_cat=0
split_feature=4 17 6 9 9 2 6 10 6 27 9
split_gain=10.197 5.27746 5.00822 2.92871 2.17112 1.69509 0.816678 0.594346 0.556685 0.506216 0.455626
threshold=36.500000000000007 54.48258928571429 108.25000000000001 0.04016129032258061 0.049515639589168957 15.500000000000002 69.850000000000009 0.26568627450980392 113.10000000000001 1.0000000180025095e-35 0.12973061148396717
decision_type=2 2 2 2 2 2 2 2 2 2 2
left_child=1 2 5 -2 6 10 -3 -5 -4 -8 -1
right_child=3 4 8 7 -6 -7 9 -9 -10 -11 -12
leaf_value=-0.0037226376532248345 0 0 0.0011591314887639227 0.003607025090354338 -0.00020385981452604145 0 0.0028684760001579852 0 -0.00030642856755957364 0 0
leaf_weight=40.633938044309616 14.984433535486458 4.048843100667006 8.8826286047697085 32.931638408452272 7.2803830839693537 4.0460179336369029 12.715787684544923 6.8236843533813945 16.85919432528317 6.6328275036066762 2.5189610924571744
leaf_count=377 77 41 39 112 80 22 40 38 172 36 27
internal_value=5.72926e-05 -0.000982106 -0.0020577 0.00243517 0.000577473 -0.00322764 0.00189147 0.00325756 0 0.0023363 -0.00357399
internal_weight=158.358 103.619 72.9407 54.7398 30.6778 47.1989 23.3975 39.7553 25.7418 19.3486 43.1529
internal_count=1061 834 637 227 197 426 117 150 211 76 404
is_linear=0
shrinkage=0.0069078


Tree=49
num_leaves=11
num_cat=0
split_feature=18 17 6 18 20 20 2 6 27 6
split_gain=9.89789 5.34744 4.93641 1.87968 1.79244 1.9695 1.66705 1.38182 0.740322 0.480405
threshold=36.500000000000007 54.48258928571429 108.25000000000001 33.500000000000007 4.5000000000000009 1.0000000180025095e-35 15.500000000000002 69.850000000000009 1.0000000180025095e-35 113.10000000000001
decision_type=2 2 2 2 2 2 2 2 2 2
left_child=1 2 6 -3 5 -2 -1 -5 -9 -4
right_child=4 3 9 7 -6 -7 -8 8 -10 -11
leaf_value=-0.0035860114219806471 0 -9.4914209352729684e-05 0.0010781681265810659 0 0 0.0036342682201601804 0 0.0029285289920116787 0 -0.00028901012322048121
leaf_weight=42.869767772033811 6.2785832062363616 5.2834093887358931 8.7776185385882872 4.0086129084229496 16.51412308961153 31.879097532480955 4.041573788970708 14.72802151553333 6.5746876746416083 16.908239547163248
leaf_count=404 35 54 39 48 80 112 22 53 42 172
internal_value=2.99756e-05 -0.000994516 -0.00207864 0.000579421 0.00238107 0.00307612 -0.00324197 0.00172972 0.00235738 0
internal_weight=157.864 103.192 72.5972 30.5947 54.6718 38.1577 46.9113 25.3113 21.3027 25.6859
internal_count=1061 834 637 197 227 147 426 143 95 211
is_linear=0
shrinkage=0.0069078


Tree=50
num_leaves=8
num_cat=0
split_feature=5 18 5 2 2 5 5
split_gain=24.3003 9.39335 7.55647 2.60232 0.915736 1.99283 0.26581
threshold=94.450000000000017 36.500000000000007 27.750000000000004 15.500000000000002 7.5000000000000009 15.350000000000003 37.850000000000001
decision_type=2 2 2 2 2 2 2
left_child=1 2 3 -1 -3 -6 -7
right_child=-2 4 -4 -5 5 6 -8
leaf_value=-0.0053587113341017172 0.0038080462569607611 0 0 0 0 0.0028583825723025079 0
leaf_weight=33.777276366949081 49.949034459888935 13.663226958364246 31.410659218207002 3.2973358854651442 6.6143921278417137 10.206206463277342 8.693313926458357
leaf_count=472 122 87 238 31 50 28 33
internal_value=8.19802e-06 -0.00161277 -0.00310092 -0.00489626 0.000354543 0.00119944 0.00227552
internal_weight=157.611 107.662 68.4853 37.0746 39.1771 25.5139 18.8995
internal_count=1061 939 741 503 198 111 61
is_linear=0
shrinkage=0.0069078


Tree=51
num_leaves=10
num_cat=0
split_feature=5 4 5 2 9 9 2 5 5
split_gain=22.5115 9.28839 7.14706 2.5383 2.35413 1.71688 0.898808 1.93442 0.330132
threshold=94.450000000000017 36.500000000000007 27.750000000000004 15.500000000000002 0.025167084377610654 0.21704464918497518 7.5000000000000009 15.350000000000003 37.850000000000001
decision_type=2 2 2 2 2 2 2 2 2
left_child=1 2 3 5 -2 -1 -3 -8 -9
right_child=4 6 -4 -5 -6 -7 7 8 -10
leaf_value=-0.0055600786532982137 0 0 0 0 0.0042484087009427114 0 0 0.0028651162110870498 0
leaf_weight=31.675211668014526 8.935461685061453 13.514936048537491 31.360309200361371 3.2714824397116891 41.136087752878666 1.6180459689348925 6.616331864148381 10.261799283325674 8.5658070370554906
leaf_count=455 32 87 238 31 90 17 50 28 33
internal_value=7.77723e-06 -0.00155467 -0.00304873 -0.00481183 0.00366375 -0.00527259 0.00040273 0.00121167 0.0022637
internal_weight=156.955 106.884 67.925 36.5647 50.0715 33.2933 38.9589 25.4439 18.8276
internal_count=1061 939 741 503 122 472 198 111 61
is_linear=0
shrinkage=0.0069078


Tree=52
num_leaves=8
num_cat=0
split_feature=5 4 5 2 2 5 5
split_gain=22.0062 9.24694 6.74742 2.39022 0.940984 1.96472 0.726276
threshold=94.450000000000017 36.500000000000007 27.750000000000004 15.500000000000002 7.5000000000000009 15.350000000000003 42.900000000000006
decision_type=2 2 2 2 2 2 2
left_child=1 2 3 -1 -3 -6 -7
right_child=-2 4 -4 -5 5 6 -8
leaf_value=-0.0052068800216553022 0.0036362082868876744 0 0 0 0 0.0029621365545986736 0
leaf_weight=32.960170529782772 49.863488517701626 13.51857567578554 31.302115432918072 3.3103822972625485 6.6174764819443253 11.637738734483721 7.2158197984099379
leaf_count=472 122 87 238 31 50 32 29
internal_value=1.33957e-05 -0.00153035 -0.00302985 -0.00475575 0.000418907 0.00124253 0.00229488
internal_weight=156.426 106.562 67.5727 36.2706 38.9896 25.471 18.8536
internal_count=1061 939 741 503 198 111 61
is_linear=0
shrinkage=0.0069078


Tree=53
num_leaves=8
num_cat=0
split_feature=5 4 5 9 4 9 9
split_gain=21.7404 8.92037 5.28564 2.03373 1.61369 1.57259 0.451904
threshold=94.450000000000017 37.500000000000007 27.750000000000004 0.025167084377610654 36.500000000000007 0.21704464918497518 0.04016129032258061
decision_type=2 2 2 2 2 2 2
left_child=1 2 4 -2 5 -1 -3
right_child=3 6 -4 -5 -6 -7 -8
leaf_value=-0.0049293191411164932 0 0 0 0.0041716349862293061 0 0 0.0016177229545388356
leaf_weight=34.237628282979131 8.8529122471809369 6.1573632471263435 38.345092795789242 40.877741724252701 9.9981937073171121 1.6535915099084366 15.475081410259007
leaf_count=486 32 31 275 90 72 17 58
internal_value=2.05408e-05 -0.00151896 -0.00263561 0.00362387 -0.00404737 -0.00466217 0.00117901
internal_weight=155.598 105.867 84.2345 49.7307 45.8894 35.8912 21.6324
internal_count=1061 939 850 122 575 503 89
is_linear=0
shrinkage=0.0069078


Tree=54
num_leaves=11
num_cat=0
split_feature=4 17 6 3 9 9 9 10 6 6
split_gain=9.05763 4.74235 4.56549 4.54156 2.77957 2.34452 0.836354 0.756376 0.71383 0.355995
threshold=36.500000000000007 54.48258928571429 108.25000000000001 53.500000000000007 0.04016129032258061 0.049515639589168957 0.12973061148396717 0.26568627450980392 69.850000000000009 113.10000000000001
decision_type=2 2 2 2 2 2 2 2 2 2
left_child=1 2 3 -1 -2 8 -5 -6 -3 -4
right_child=4 5 9 6 7 -7 -8 -9 -10 -11
leaf_value=0 0 0 0.00095523640637101284 -0.0044691377766197327 0.003480635524529185 -0.00041647321066471863 0 0 0.0023375329153164509 -0.00018253037081301441
leaf_weight=12.748443434014915 14.798675905913113 3.9386105351150098 8.6062973625957984 30.408704865723848 32.492895483970642 7.3827671799808732 2.4506880752742282 6.7996920309960833 18.895976720377803 16.523282615467906
leaf_count=88 77 41 39 313 112 80 25 38 76 172
internal_value=4.06549e-05 -0.000941884 -0.00198396 -0.00311911 0.00230246 0.000498279 -0.00422543 0.00310894 0.0019293 0
internal_weight=155.046 100.955 70.7374 45.6078 54.0913 30.2174 32.8594 39.2926 22.8346 25.1296
internal_count=1061 834 637 426 227 197 338 150 117 211
is_linear=0
shrinkage=0.0069078


Tree=55
num_leaves=12
num_cat=0
split_feature=5 4 5 2 9 9 2 5 5 6 6
split_gain=22.0133 8.91908 5.76041 2.45686 2.01071 1.589 0.808516 1.86598 0.777363 0.440062 0.239984
threshold=94.450000000000017 36.500000000000007 27.750000000000004 15.500000000000002 0.025167084377610654 0.21704464918497518 7.5000000000000009 15.350000000000003 42.900000000000006 71.850000000000009 67.350000000000009
decision_type=2 2 2 2 2 2 2 2 2 2 2
left_child=1 2 3 5 -2 -1 -3 -8 -9 10 -4
right_child=4 6 9 -5 -6 -7 7 8 -10 -11 -12
leaf_value=-0.0053770095455285211 0 0 0 0 0.0042257762826657117 0 0 0.0029001414153756733 0 1.8944555166725742e-05 -0.0013023808574078818
leaf_weight=30.775293292477727 8.8265179134905321 13.498215235769747 2.2415934354066875 3.2628918699920169 40.253084234893322 1.6260282825678576 6.5582156553864506 11.334903016686441 7.3305844143033019 18.807119781151414 10.049643967300652
leaf_count=455 32 87 13 31 90 17 50 32 29 118 107
internal_value=2.4975e-05 -0.00152265 -0.00300374 -0.00463009 0.00367384 -0.00509418 0.000381448 0.00115221 0.00220253 0 -0.000991111
internal_weight=154.564 105.484 66.7626 35.6642 49.0796 32.4013 38.7219 25.2237 18.6655 31.0984 12.2912
internal_count=1061 939 741 503 122 472 198 111 61 238 120
is_linear=0
shrinkage=0.0069078


Tree=56
num_leaves=9
num_cat=0
split_feature=9 9 4 16 9 10 10 9
split_gain=10.4195 11.6569 5.52471 4.68127 1.67748 1.55024 1.24576 0.583815
threshold=0.039736842105263161 0.050633812847172707 37.500000000000007 15.500000000000002 0.21704464918497518 0.2137002341920374 0.16064516129032258 0.056438791732909353
decision_type=2 2 2 2 2 2 2 2
left_child=5 3 4 -2 6 -1 -3 -8
right_child=1 2 -4 -5 -6 -7 7 -9
leaf_value=-0.0027843414872511453 0 0 0.0017879283648777927 0.0041951514710556713 0 0 0 -0.003427044069232609
leaf_weight=33.555517816916108 15.323905594646929 3.059033151715993 9.7408167496323568 47.961836833506823 2.4827645979821673 9.3507206775248033 7.3304757401347187 24.100570566952229
leaf_count=308 83 17 29 202 19 64 60 279
internal_value=0.000120401 0.00142859 -0.000580775 0.0032841 -0.00219713 -0.00222147 -0.00263436 -0.00298856
internal_weight=152.906 109.999 46.7137 63.2857 36.9728 42.9062 34.4901 31.431
internal_count=1061 689 404 285 375 372 356 339
is_linear=0
shrinkage=0.0069078


Tree=57
num_leaves=11
num_cat=0
split_feature=9 9 4 4 2 9 3 17 17 6
split_gain=9.77173 11.0597 5.12676 3.95014 2.36586 1.58883 1.7235 1.2815 1.07693 1.57344
threshold=0.039736842105263161 0.050633812847172707 37.500000000000007 33.500000000000007 13.500000000000002 0.21704464918497518 51.500000000000007 24.889791666666671 63.399487179487188 67.100000000000009
decision_type=2 2 2 2 2 2 2 2 2 2
left_child=4 3 5 -2 8 6 -3 -5 9 -1
right_child=1 2 -4 7 -6 -7 -8 -9 -10 -11
leaf_value=0 0 0 0.0016876835415335274 0 0 0 -0.0030081003439531018 0.0039921907612097372 0 -0.003631420753929799
leaf_weight=2.7013183347880867 5.1006388626992694 3.2154742814600459 10.102428738027809 4.7374157421290866 9.1005525402724725 2.4721133485436431 31.12811940908432 53.584875470027328 4.0250370856374493 26.721361560747027
leaf_count=15 41 19 29 25 59 19 337 219 34 264
internal_value=0.000145059 0.00140875 -0.000529868 0.00321426 -0.00212311 -0.00211732 -0.00254645 0.00372962 -0.00285081 -0.00321118
internal_weight=152.889 110.341 46.9181 63.4229 42.5483 36.8157 34.3436 58.3223 33.4477 29.4227
internal_count=1061 689 404 285 372 375 356 244 313 279
is_linear=0
shrinkage=0.0069078


Tree=58
num_leaves=11
num_cat=0
split_feature=5 4 5 6 9 9 4 6 6 6
split_gain=29.6496 7.50065 8.16809 3.49289 2.84339 1.4683 1.40763 1.02768 0.765034 0.331074
threshold=94.450000000000017 36.500000000000007 27.050000000000004 94.950000000000017 0.025167084377610654 0.21704464918497518 38.500000000000007 160.70000000000002 108.25000000000001 118.15000000000002
decision_type=2 2 2 2 2 2 2 2 2 2
left_child=1 2 5 -3 -2 -1 7 -5 -4 -10
right_child=4 3 8 6 -6 -7 -8 -9 9 -11
leaf_value=-0.0053075890496616322 0 0.0025042158253014966 -0.0010024040237237336 -0.0024566136436342339 0.0049081868007980487 0 0 0 0.0011715866935675678 0
leaf_weight=31.752990074455738 8.5936756506562215 14.796471774578093 20.358830528333783 13.009062424302106 41.64695181697607 1.5122520681470621 4.3887128531932822 3.1694096997380248 7.482232913374899 6.8596565537154675
leaf_count=472 36 55 180 98 90 15 18 16 20 61
internal_value=0.000155983 -0.00171997 -0.00299342 4.84608e-05 0.00427934 -0.0050507 -0.000758913 -0.00182641 0 0.000543978
internal_weight=153.57 103.33 67.966 35.3637 50.2406 33.2652 20.5672 16.1785 34.7007 14.3419
internal_count=1061 935 748 187 126 487 132 114 261 81
is_linear=0
shrinkage=0.0069078


Tree=59
num_leaves=10
num_cat=0
split_feature=9 9 16 4 9 3 6 3 17
split_gain=9.05258 10.4139 5.45333 4.67762 1.55371 1.65363 1.07411 1.28095 0.427722
threshold=0.039736842105263161 0.050633812847172707 15.500000000000002 37.500000000000007 0.21704464918497518 51.500000000000007 108.05000000000001 53.500000000000007 52.212708333333346
decision_type=2 2 2 2 2 2 2 2 2
left_child=6 2 -2 4 5 -3 7 -1 -9
right_child=1 3 -4 -5 -6 -7 -8 8 -10
leaf_value=0 0 0 0.0041103061162380671 0.0015979547486217587 0 -0.0029327539675488923 0 -0.0036752219174643374 0
leaf_weight=5.7299053054302957 16.048182003200054 3.1728491727262726 48.54992070235312 9.5977877862751466 2.5013575833290806 30.774729462340474 14.116654038429258 16.033643107861284 6.046473301947116
leaf_count=43 83 19 202 29 19 337 114 161 54
internal_value=0.000175882 0.00138786 0.00311166 -0.000507266 -0.00204136 -0.00247642 -0.00201154 -0.0026428 -0.00319856
internal_weight=152.572 110.645 64.5981 46.0467 36.4489 33.9476 41.9267 27.81 22.0801
internal_count=1061 689 285 404 375 356 372 258 215
is_linear=0
shrinkage=0.0069078


Tree=60
num_leaves=8
num_cat=0
split_feature=5 4 5 9 27 4 9
split_gain=29.0337 7.39395 8.08895 3.13335 1.65751 1.70904 1.46722
threshold=94.450000000000017 36.500000000000007 27.050000000000004 0.025167084377610654 6.0000000000000009 38.500000000000007 0.21704464918497518
decision_type=2 2 2 2 2 2 2
left_child=1 2 6 -2 -3 -6 -1
right_child=3 4 -4 -5 5 -7 -8
leaf_value=-0.0052594135311245802 0 0.0018241218088643396 0 0.0049336540371500478 -0.0018337898258681386 0.00030146489848507246 0
leaf_weight=31.706765796989202 8.5143770501017553 14.537903811782597 34.540261434391141 41.036203369498253 15.012949388474228 5.2756318449974051 1.5073420833796252
leaf_count=472 36 60 261 90 111 16 15
internal_value=0.000164245 -0.00169162 -0.00295768 0.00427265 7.3504e-05 -0.000160603 -0.00500199
internal_weight=152.131 102.581 67.7544 49.5506 34.8265 20.2886 33.2141
internal_count=1061 935 748 126 187 127 487
is_linear=0
shrinkage=0.0069078


Tree=61
num_leaves=8
num_cat=0
split_feature=5 4 5 9 27 4 9
split_gain=28.519 7.31669 7.55941 3.14914 1.54855 1.70026 1.33789
threshold=94.450000000000017 36.500000000000007 27.050000000000004 0.025167084377610654 6.0000000000000009 38.500000000000007 0.21704464918497518
decision_type=2 2 2 2 2 2 2
left_child=1 2 6 -2 -3 -6 -1
right_child=3 4 -4 -5 5 -7 -8
leaf_value=-0.0051730939801598597 0 0.0017689695817677874 0 0.0049218651192582501 -0.0018135033447771595 0.00038293264342380821 0
leaf_weight=31.483900280669332 8.4483040086925012 14.516049060970543 34.595241483300924 40.596334345638752 15.058757323771717 5.2355700954794875 1.4785357303917397
leaf_count=472 36 60 261 90 111 16 15
internal_value=0.00016073 -0.00167317 -0.00293659 0.00425652 7.85081e-05 -0.000107475 -0.00492961
internal_weight=151.413 102.368 67.5577 49.0446 34.8104 20.2943 32.9624
internal_count=1061 935 748 126 187 127 487
is_linear=0
shrinkage=0.0069078


Tree=62
num_leaves=10
num_cat=0
split_feature=9 9 16 18 9 3 6 3 17
split_gain=8.59435 9.90612 5.25152 4.22815 1.40328 1.57556 1.02557 1.0715 0.429778
threshold=0.039736842105263161 0.050633812847172707 15.500000000000002 37.500000000000007 0.21704464918497518 51.500000000000007 108.05000000000001 53.500000000000007 52.212708333333346
decision_type=2 2 2 2 2 2 2 2 2
left_child=6 2 -2 4 5 -3 7 -1 -9
right_child=1 3 -4 -5 -6 -7 -8 8 -10
leaf_value=0 0 0 0.0040140997987906215 0.0014319774705754992 0 -0.0028545131679141886 0 -0.0035861856560794984 0
leaf_weight=5.5681537482887533 15.825881022959946 3.1594170182943335 47.977972643449903 9.3631039410829526 2.4321693293750277 30.260079210624099 14.195370441302655 16.0397526267916 5.9994263537228099
leaf_count=43 83 19 202 29 19 337 114 161 54
internal_value=0.000131518 0.00133491 0.00302913 -0.000515471 -0.00199255 -0.00240276 -0.00199465 -0.0026177 -0.00311799
internal_weight=150.821 109.019 63.8039 45.2148 35.8517 33.4195 41.8027 27.6073 22.0392
internal_count=1061 689 285 404 375 356 372 258 215
is_linear=0
shrinkage=0.0069078


Tree=63
num_leaves=11
num_cat=0
split_feature=4 21 4 6 17 17 2 6 2 17
split_gain=7.41888 9.68139 2.28264 2.27512 1.50366 1.2957 1.20912 1.07306 1.26298 1.01688
threshold=35.500000000000007 1.0000000180025095e-35 33.500000000000007 80.950000000000017 26.292708333333337 90.896875000000009 5.5000000000000009 106.05000000000001 13.500000000000002 80.190144230769249
decision_type=2 2 2 2 2 2 2 2 2 2
left_child=2 4 9 5 -2 -4 -5 8 -3 -1
right_child=1 7 3 6 -6 -7 -8 -9 -10 -11
leaf_value=-0.003553558027357248 0 -0.0022144994493712177 -0.0022559044172147224 0 0.0040503619393413934 0 0.0014714725717123235 0 0 0
leaf_weight=11.928663380444048 6.5615056138485661 14.365371119230987 20.127110319212083 6.7869036942720404 38.403004836291075 2.3263694755733004 27.62826370075345 16.2980174459517 3.480812642723321 2.6835580877959719
leaf_count=149 36 131 225 70 167 16 157 74 18 18
internal_value=0.000123806 0.00167924 -0.00115676 0 0.00361743 -0.0016591 0.000707601 -0.000283947 -0.00142527 -0.00302469
internal_weight=150.59 79.1087 71.4809 56.8686 44.9645 22.4535 34.4152 34.1442 17.8462 14.6122
internal_count=1061 426 635 468 203 241 227 223 149 167
is_linear=0
shrinkage=0.0069078


Tree=64
num_leaves=9
num_cat=0
split_feature=5 4 9 6 5 6 6 5
split_gain=19.3992 14.8865 4.77276 4.18243 1.91078 1.09122 1.04444 0.572075
threshold=94.450000000000017 38.500000000000007 0.025167084377610654 108.25000000000001 3.8500000000000001 113.65000000000002 168.35000000000005 77.100000000000009
decision_type=2 2 2 2 2 2 2 2
left_child=1 3 -2 4 -1 -5 -7 -6
right_child=2 -3 -4 5 7 6 -8 -9
leaf_value=0 0 0.0031335814068549723 0.0042302280387795646 0.00059032755891779863 -0.004365834669785915 -0.0019130456629984716 0 0
leaf_weight=4.6924948412924996 7.7726927138864985 10.805661432445048 34.627094261348248 12.491913016885521 54.123793425038457 16.716585604473952 2.174430899322032 5.2314697280526152
leaf_count=47 39 28 77 65 604 201 9 29
internal_value=-1.84323e-05 -0.00179475 0.00328152 -0.00291262 -0.00385402 0 -0.0012622 -0.00414782
internal_weight=148.636 106.236 42.3998 95.4307 64.0478 31.3829 18.891 59.3553
internal_count=1099 983 116 955 680 275 210 633
is_linear=0
shrinkage=0.0069078


Tree=65
num_leaves=12
num_cat=0
split_feature=4 10 10 6 6 6 2 17 6 6 6
split_gain=10.3908 4.95836 5.6248 3.00517 1.96029 1.62829 1.59663 0.994597 0.893895 0.813583 0.377156
threshold=38.500000000000007 0.19821428571428573 0.13118961352657002 109.15000000000002 92.15000000000002 69.65000000000002 13.500000000000002 41.913333333333334 121.75000000000001 119.95000000000002 107.95000000000002
decision_type=2 2 2 2 2 2 2 2 2 2 2
left_child=1 2 -1 4 5 -4 9 -7 -5 -3 -6
right_child=-2 6 3 8 10 7 -8 -9 -10 -11 -12
leaf_value=-0.0026354613397403413 0.0037924799318916264 -0.0036163554432725171 0 0.0032239598325767625 -0.0018967640844516961 0 0 0.0024240932823411132 0 0 0
leaf_weight=19.535605665296316 16.705573976039886 27.369398750364784 5.832728659734129 15.528474420309069 13.113095462322237 10.163929326459767 7.7202074676752082 17.61959377489984 5.1678081806749097 4.4446371383965007 5.0663863569498053
leaf_count=196 39 316 63 61 101 76 68 74 38 40 27
internal_value=0 -0.000942834 0 0.000924253 0 0.000861825 -0.00272749 0.00172286 0.00267526 -0.00327216 -0.0015062
internal_weight=148.267 131.562 92.0276 72.492 51.7957 33.6163 39.5342 27.7835 20.6963 31.814 18.1795
internal_count=1099 1060 636 440 341 213 424 150 99 356 128
is_linear=0
shrinkage=0.0069078


Tree=66
num_leaves=7
num_cat=0
split_feature=5 4 2 17 5 5
split_gain=18.1693 15.5456 7.21207 1.24314 1.62118 0.766213
threshold=94.450000000000017 38.500000000000007 14.500000000000002 24.50059523809524 76.40000000000002 2.8500000000000001
decision_type=2 2 2 2 2 2
left_child=1 2 3 -1 5 -5
right_child=-2 -3 -4 4 -6 -7
leaf_value=0 0.0032427383393469704 0.003226420579893194 0 0 0 -0.0043361649715888944
leaf_weight=9.188883960247038 41.689694080501795 11.730566151440142 11.993099760264156 2.2500922791659823 7.1258205175399771 64.094853691756725
leaf_count=65 116 28 89 20 41 740
internal_value=0 -0.00169874 -0.00287669 -0.0036206 -0.00390981 -0.00421386
internal_weight=148.073 106.383 94.6528 82.6597 73.4708 66.3449
internal_count=1099 983 955 866 801 760
is_linear=0
shrinkage=0.0069078


Tree=67
num_leaves=8
num_cat=0
split_feature=5 18 2 9 6 5 5
split_gain=18.6107 14.749 7.03273 4.68941 2.83396 1.26774 1.30644
threshold=94.450000000000017 38.500000000000007 14.500000000000002 0.025167084377610654 168.35000000000005 76.40000000000002 2.4500000000000006
decision_type=2 2 2 2 2 2 2
left_child=1 2 4 -2 5 6 -1
right_child=3 -3 -4 -5 -6 -7 -8
leaf_value=0 0 0.003048263477866295 0 0.0042415740655729964 0 0 -0.0042411207481496691
leaf_weight=1.8712833486497391 7.6023721918463698 11.777665376663206 11.926248198375104 33.909909531474113 2.1722010225057593 7.1538720503449431 71.101297210901976
leaf_count=13 39 28 89 77 9 42 802
internal_value=0 -0.00171502 -0.00286599 0.00329605 -0.00359981 -0.0038458 -0.00410086
internal_weight=147.515 106.003 94.2249 41.5123 82.2987 80.1265 72.9726
internal_count=1099 983 955 116 866 857 815
is_linear=0
shrinkage=0.0069078


Tree=68
num_leaves=8
num_cat=0
split_feature=5 4 6 5 6 6 5
split_gain=18.4687 13.8693 3.89471 1.71478 1.08888 1.04524 0.240594
threshold=94.450000000000017 38.500000000000007 108.25000000000001 3.8500000000000001 113.65000000000002 168.35000000000005 77.100000000000009
decision_type=2 2 2 2 2 2 2
left_child=1 2 3 -1 -4 -6 -5
right_child=-2 -3 4 6 5 -7 -8
leaf_value=0 0.0033130679119419745 0.0029019582096088117 0.00062447521726564741 -0.0041939489756645737 -0.0019045159101100642 0 0
leaf_weight=4.7219356857240191 41.098721481859684 11.724862456321715 12.279188040643932 53.254955226555467 16.704012986272577 2.1709748283028594 4.985732987523078
leaf_count=47 116 28 65 604 201 9 29
internal_value=0 -0.001696 -0.00281409 -0.00373145 0 -0.0012494 -0.00401447
internal_weight=146.94 105.842 94.1168 62.9626 31.1542 18.875 58.2407
internal_count=1099 983 955 680 275 210 633
is_linear=0
shrinkage=0.0069078


end of trees

feature_importances:
odds=112
time_seconds=86
popularity=82
jockey_win_rate=74
horse_number=57
race_avg_odds=35
jockey_top3_rate=26
track_combined_encoded=20
popularity_rank=19
field_size=17
time_weight=17
weight=16
track_type_encoded=13
age=12
distance=5
day_of_week=2
year=1
weather_encoded=1

parameters:
[boosting: gbdt]
[objective: lambdarank]
[metric: ndcg]
[tree_learner: serial]
[device_type: cpu]
[data_sample_strategy: bagging]
[data: ]
[valid: ]
[num_iterations: 69]
[learning_rate: 0.0069078]
[num_leaves: 16]
[num_threads: 0]
[seed: 42]
[deterministic: 0]
[force_col_wise: 0]
[force_row_wise: 0]
[histogram_pool_size: -1]
[max_depth: 8]
[min_data_in_leaf: 22]
[min_sum_hessian_in_leaf: 0.001]
[bagging_fraction: 0.705191]
[pos_bagging_fraction: 1]
[neg_bagging_fraction: 1]
[bagging_freq: 8]
[bagging_seed: 400]
[bagging_by_query: 0]
[feature_fraction: 0.624646]
[feature_fraction_bynode: 1]
[feature_fraction_seed: 30056]
[extra_trees: 0]
[extra_seed: 12879]
[early_stopping_round: 0]
[early_stopping_min_delta: 0]
[first_metric_only: 0]
[max_delta_step: 0]
[lambda_l1: 5.08571]
[lambda_l2: 9.07566]
[linear_lambda: 0]
[min_gain_to_split: 0.228798]
[drop_rate: 0.1]
[max_drop: 50]
[skip_drop: 0.5]
[xgboost_dart_mode: 0]
[uniform_drop: 0]
[drop_seed: 17869]
[top_rate: 0.2]
[other_rate: 0.1]
[min_data_per_group: 100]
[max_cat_threshold: 32]
[cat_l2: 10]
[cat_smooth: 10]
[max_cat_to_onehot: 4]
[top_k: 20]
[monotone_constraints: ]
[monotone_constraints_method: basic]
[monotone_penalty: 0]
[feature_contri: ]
[forcedsplits_filename: ]
[refit_decay_rate: 0.9]
[cegb_tradeoff: 1]
[cegb_penalty_split: 0]
[cegb_penalty_feature_lazy: ]
[cegb_penalty_feature_coupled: ]
[path_smooth: 0]
[interaction_constraints: ]
[verbosity: -1]
[saved_feature_importance_type: 0]
[use_quantized_grad: 0]
[num_grad_quant_bins: 4]
[quant_train_renew_leaf: 0]
[stochastic_rounding: 1]
[linear_tree: 0]
[max_bin: 255]
[max_bin_by_feature: ]
[min_data_in_bin: 3]
[bin_construct_sample_cnt: 200000]
[data_random_seed: 175]
[is_enable_sparse: 1]
[enable_bundle: 1]
[use_missing: 1]
[zero_as_missing: 0]
[feature_pre_filter: 1]
[pre_partition: 0]
[two_round: 0]
[header: 0]
[label_column: ]
[weight_column: ]
[group_column: ]
[ignore_column: ]
[categorical_feature: ]
[forcedbins_filename: ]
[precise_float_parser: 0]
[parser_config_file: ]
[objective_seed: 16083]
[num_class: 1]
[is_unbalance: 0]
[scale_pos_weight: 1]
[sigmoid: 1]
[boost_from_average: 1]
[reg_sqrt: 0]
[alpha: 0.9]
[fair_c: 1]
[poisson_max_delta_step: 0.7]
[tweedie_variance_power: 1.5]
[lambdarank_truncation_level: 30]
[lambdarank_norm: 1]
[label_gain: ]
[lambdarank_position_bias_regularization: 0]
[eval_at: 1,3,5]
[multi_error_top_k: 1]
[auc_mu_weights: ]
[num_machines: 1]
[local_listen_port: 12400]
[time_out: 120]
[machine_list_filename: ]
[machines: ]
[gpu_platform_id: -1]
[gpu_device_id: -1]
[gpu_use_dp: 0]
[num_gpu: 1]

end of parameters

pandas_categorical:[]
