tree
version=v4
num_class=1
num_tree_per_iteration=1
label_index=0
max_feature_idx=28
objective=lambdarank
feature_names=distance venue_code horse_number weight popularity odds time_seconds age year jockey_win_rate jockey_top3_rate jockey_track_win_rate horse_win_rate horse_top3_rate horse_race_count horse_dist_win_rate field_size race_avg_odds popularity_rank month day_of_week track_type_encoded track_condition_encoded weather_encoded sex_encoded distance_category_encoded season_encoded track_combined_encoded time_weight
feature_infos=[1000:2600] [5:8] [1:18] [48:59] [31:57] [1.5:494.69999999999999] [54.200000000000003:170] [2:11] [2016:2024] [0:0.25] [0:0.53594771241830064] [0:1] [0:1] [0:1] [1:4] none [8:51] [13.8375:97.474999999999994] [31:57] [2:4] [0:6] [0:1] [0:2] [0:2] [0:2] [0:3] [0:3] [0:11] [0.0034568035067264:1]
tree_sizes=527 1294 1217 1180 1156 1113 1063 891 1170 1188 1383 1129 1613 1101 1108 1133 934 889 809 933 892 1240 883 1120 878 1096 1261 1071 989 1178 1185 1184 965 1068 998 1155 980 908 724 975 1149 984 898 982 1489 811 893 1069 1017 718 714 1197 901 716 800 1071 815 898 813 897 809 815 812 700 813 1069 1093 909 1003

Tree=0
num_leaves=4
num_cat=0
split_feature=5 4 4
split_gain=21.1051 7.09225 1.11972
threshold=26.250000000000004 36.500000000000007 33.500000000000007
decision_type=2 2 2
left_child=1 -1 -2
right_child=2 -3 -4
leaf_value=-0.0051042282762282067 0 0 0.0040068552167065027
leaf_weight=25.236558600096032 2.7890393696725395 6.9105964254122219 22.379030840471387
leaf_count=504 90 119 360
internal_value=0 -0.00367096 0.00363139
internal_weight=57.3152 32.1472 25.1681
internal_count=1073 623 450
is_linear=0
shrinkage=0.0069078


Tree=1
num_leaves=12
num_cat=0
split_feature=2 3 20 27 16 2 16 16 9 9 20
split_gain=9.21207 5.45955 4.59523 3.57444 2.27957 2.27134 7.15789 2.19257 1.41658 1.26087 1.0141
threshold=7.5000000000000009 52.500000000000007 1.0000000180025095e-35 10.500000000000002 11.500000000000002 11.500000000000002 16.500000000000004 34.000000000000007 0.048115079365079354 0.051064754454584908 3.5000000000000004
decision_type=2 2 2 2 2 2 2 2 2 2 2
left_child=1 10 -2 4 -3 6 8 -6 -4 -7 -1
right_child=2 3 5 -5 7 9 -8 -9 -10 -11 -12
leaf_value=0 -0.0013027644131764586 0 0 0 -0.0035656997135117114 0.003002897928648936 -0.0023371187568798925 0 0.0029711343743717145 0 0.0016123210561516492
leaf_weight=6.4288935139775303 12.876598974689839 8.1062434334307891 9.0953654348850268 4.9285973012447348 67.771348750218749 42.155144361779094 18.710842935368419 5.6475876197218886 20.080644635483623 14.059931768104432 10.623318575322626
leaf_count=25 73 31 44 26 363 180 119 28 75 73 36
internal_value=-0.000177215 -0.00172599 0.00094009 -0.00249167 -0.00290323 0.00161014 0 -0.00325201 0.00222744 0.00248074 0.000328441
internal_weight=220.485 103.506 116.979 86.4538 81.5252 104.102 47.8869 73.4189 29.176 56.2151 17.0522
internal_count=1073 509 564 448 422 491 238 391 119 253 61
is_linear=0
shrinkage=0.0069078


Tree=2
num_leaves=11
num_cat=0
split_feature=5 5 2 3 5 5 16 6 5 5
split_gain=65.3575 12.7999 6.65209 5.42528 3.2525 4.7192 2.28579 2.34773 0.990995 0.585411
threshold=94.550000000000011 14.550000000000002 7.5000000000000009 57.500000000000007 57.300000000000004 37.550000000000004 12.500000000000002 121.30000000000003 18.450000000000003 75.65000000000002
decision_type=2 2 2 2 2 2 2 2 2 2
left_child=1 3 -3 6 5 8 -1 -8 -4 -6
right_child=-2 2 4 -5 9 -7 7 -9 -10 -11
leaf_value=0 0.0057990285850790775 -0.0026079452270798996 0.00069953006891561602 0 -0.0019722354196118354 0.0031300663915045891 -0.0067428520432604999 0 -0.0011232074210385775 0
leaf_weight=5.2115992307662955 52.353361129760742 44.92210884578526 9.053402394056322 5.3516691960394374 8.6877320688217861 26.15308390930295 37.036702154204249 5.5053096711635581 21.375256977975368 6.685234695672988
leaf_count=27 115 264 41 31 33 61 345 35 101 20
internal_value=-0.000192806 -0.00243484 -0.000665315 -0.0050988 0.000270196 0.00135167 -0.00574469 -0.00620052 0 -0.00129751
internal_weight=222.335 169.982 116.877 53.1053 71.9547 56.5817 47.7536 42.542 30.4287 15.373
internal_count=1073 958 520 438 256 203 407 380 142 53
is_linear=0
shrinkage=0.0069078


Tree=3
num_leaves=11
num_cat=0
split_feature=5 4 5 4 3 5 5 5 4 5
split_gain=72.6047 22.2308 15.8482 9.57156 3.34113 2.09641 1.67976 1.40008 0.393376 0.337462
threshold=37.550000000000004 36.500000000000007 94.550000000000011 36.500000000000007 57.500000000000007 45.350000000000001 76.950000000000003 32.250000000000007 38.500000000000007 15.450000000000001
decision_type=2 2 2 2 2 2 2 2 2 2
left_child=1 4 3 5 7 -2 -7 -1 9 -3
right_child=2 8 -4 -5 -6 6 -8 -9 -10 -11
leaf_value=-0.0068829599497973381 0 -0.00093962873799370225 0.0055747755410920988 0.0034542358063302512 0 -0.0032309154981337222 0 0 0.0010986766919797873 0
leaf_weight=59.897882239893079 10.98391020298004 9.1629497855901771 63.005075268447399 20.99650115147233 6.7072557695209971 17.570961337536577 8.1044371128082258 4.0828821398317805 6.4749771654605857 11.596492104232309
leaf_count=510 40 67 115 60 38 104 42 24 26 47
internal_value=0 -0.00430238 0.00338203 2.70937e-05 -0.00617495 -0.00146359 -0.00238701 -0.00661914 0 0
internal_weight=218.583 97.9224 120.661 57.6558 70.688 36.6593 25.6754 63.9808 27.2344 20.7594
internal_count=1073 712 361 246 572 186 146 534 140 114
is_linear=0
shrinkage=0.0069078


Tree=4
num_leaves=11
num_cat=0
split_feature=5 18 5 18 3 5 5 5 11 18
split_gain=60.9918 21.2998 12.5629 8.15705 2.63508 2.11763 1.76414 1.37485 0.497323 0.3373
threshold=37.550000000000004 36.500000000000007 94.550000000000011 37.500000000000007 57.500000000000007 41.20000000000001 32.250000000000007 76.950000000000003 0.059027777777777755 38.500000000000007
decision_type=2 2 2 2 2 2 2 2 2 2
left_child=1 4 3 5 6 -2 -1 -7 -4 -3
right_child=2 9 8 -5 -6 7 -8 -9 -10 -11
leaf_value=-0.0067826488772095642 0 0 0.005409384937084258 0.0036887219253287297 0 -0.0027909839634493307 0 0 0 0.001021529878087119
leaf_weight=54.605192761868238 8.1096326187252981 20.337684776633981 53.474150165915489 14.194527037441729 6.7872282899916163 21.639604967087511 3.9086014777421942 9.6723963096737844 11.833574205636976 6.3482342436909667
leaf_count=510 30 114 86 32 38 135 24 49 29 26
internal_value=0 -0.00410535 0.0030709 0 -0.006047 -0.00122357 -0.00648834 -0.00207357 0.00492821 0
internal_weight=210.911 91.9869 118.924 53.6162 65.301 39.4216 58.5138 31.312 65.3077 26.6859
internal_count=1073 712 361 246 572 214 534 184 115 140
is_linear=0
shrinkage=0.0069078


Tree=5
num_leaves=10
num_cat=0
split_feature=5 4 5 4 5 5 16 6 6
split_gain=59.1215 19.3284 10.3933 8.45615 2.01612 1.2581 1.14541 0.469436 1.84518
threshold=37.550000000000004 36.500000000000007 94.550000000000011 37.500000000000007 41.20000000000001 86.050000000000011 11.500000000000002 106.55000000000001 102.75000000000001
decision_type=2 2 2 2 2 2 2 2 2
left_child=1 6 3 4 -2 -6 -1 8 -3
right_child=2 7 -4 -5 5 -7 -8 -9 -10
leaf_value=0 0 0.0003200138006806545 0.0048274055354193303 0.0037798260578635473 -0.0025236074584880741 0 -0.0062905125194302781 0.0010533519808070158 -0.0024175931834070161
leaf_weight=6.1558925956487647 7.8162004351615897 10.176267292350532 62.832595586776733 14.797272257506846 25.262922406196598 4.7184119522571555 57.092270731925964 11.113081272691486 5.6514600515365592
leaf_count=34 30 50 115 32 160 24 538 47 43
internal_value=0 -0.00406632 0.00307833 1.62248e-05 -0.00115426 -0.00201547 -0.00595372 0 0
internal_weight=205.616 90.189 115.427 52.5948 37.7975 29.9813 63.2482 26.9408 15.8277
internal_count=1073 712 361 246 214 184 572 140 93
is_linear=0
shrinkage=0.0069078


Tree=6
num_leaves=10
num_cat=0
split_feature=5 4 5 4 9 28 2 5 5
split_gain=53.7424 15.0647 10.6158 9.47104 5.09867 4.21378 2.00884 1.00823 0.637281
threshold=30.250000000000004 36.500000000000007 94.550000000000011 36.500000000000007 0.025167084377610654 0.99621173576945232 12.500000000000002 53.150000000000006 86.050000000000011
decision_type=2 2 2 2 2 2 2 2 2
left_child=1 5 3 6 -4 -1 8 -5 -2
right_child=2 -3 4 7 -6 -7 -8 -9 -10
leaf_value=-0.0063403782318951721 -0.0027417412271815811 0 0 0.0038128876865790922 0.0054258178431843872 0 0 0 0
leaf_weight=53.896271146833897 24.167490728199486 22.909676007926464 13.073032289743422 16.816334359347824 48.763390257954597 2.4169933907687655 7.228509545326232 7.5622146502137175 3.75658981129527
leaf_count=510 167 126 28 42 87 25 34 32 22
internal_value=0 -0.00427216 0.00270279 0 0.00453665 -0.00596988 -0.00167189 0.00313269 -0.00243558
internal_weight=200.591 79.2229 121.368 59.5311 61.8364 56.3133 35.1526 24.3785 27.9241
internal_count=1073 661 412 297 115 535 223 74 189
is_linear=0
shrinkage=0.0069078


Tree=7
num_leaves=8
num_cat=0
split_feature=5 5 2 16 5 9 5
split_gain=47.8597 9.85555 4.9738 4.96364 3.86563 1.40339 0.411428
threshold=30.250000000000004 94.550000000000011 7.5000000000000009 13.500000000000002 57.300000000000004 0.039736842105263161 78.350000000000009
decision_type=2 2 2 2 2 2 2
left_child=3 2 6 -1 -4 -3 -2
right_child=1 5 4 -5 -6 -7 -8
leaf_value=0 -0.0020162068919085943 0 0.0030811878131328857 -0.0048310896528182389 0 0.0050912277751935199 0
leaf_weight=14.851070145145057 17.241666190326217 15.291298791766165 26.152648657560349 61.835809975862503 8.3643220067024213 45.04461794346571 6.2161512747406951
leaf_count=81 122 41 88 580 53 74 34
internal_value=0 0.0026067 0 -0.00406646 0.00185491 0.00438697 -0.00163857
internal_weight=194.998 118.311 57.9748 76.6869 34.517 60.3359 23.4578
internal_count=1073 412 297 661 141 115 156
is_linear=0
shrinkage=0.0069078


Tree=8
num_leaves=11
num_cat=0
split_feature=4 10 9 2 9 28 6 28 10 17
split_gain=30.1527 16.1351 15.2131 8.60641 4.42659 3.82214 3.43578 2.95032 2.92155 1.15301
threshold=36.500000000000007 0.23030303030303029 0.038967611336032361 11.500000000000002 0.07669789227166271 0.006932307399628951 56.150000000000013 0.99621173576945232 0.2137002341920374 23.282575757575763
decision_type=2 2 2 2 2 2 2 2 2 2
left_child=1 2 5 -4 -2 -1 -3 8 -7 -8
right_child=4 6 3 -5 -6 7 9 -9 -10 -11
leaf_value=0 0.0046151789016916694 0 0 0.0043979230286794692 0 -0.0050265943738615985 0 0 0 -0.0056949123439438976
leaf_weight=6.7558985501527777 57.651169702410698 2.4282936677336684 33.916411003097892 29.457802727818489 7.9705118164420119 24.719268184155229 2.7619353309273711 3.5761442910879842 3.9017810262739649 29.247518723830581
leaf_count=38 188 13 190 91 44 195 11 24 18 259
internal_value=0.000345431 -0.00131971 0 0.00214912 0.00402484 -0.00285436 -0.00485092 -0.00372827 -0.00435353 -0.00537705
internal_weight=202.387 136.765 102.327 63.3742 65.6217 38.9531 34.4377 32.1972 28.621 32.0095
internal_count=1071 839 556 281 232 275 283 237 213 270
is_linear=0
shrinkage=0.0069078


Tree=9
num_leaves=11
num_cat=0
split_feature=5 18 18 10 2 2 5 5 2 18
split_gain=68.2777 24.7346 9.23446 3.67496 3.15467 1.93366 1.31294 1.23238 1.32359 0.463063
threshold=36.150000000000013 36.500000000000007 33.500000000000007 0.23030303030303029 2.5000000000000004 15.500000000000002 126.05000000000001 14.550000000000002 10.500000000000002 38.500000000000007
decision_type=2 2 2 2 2 2 2 2 2 2
left_child=1 5 6 4 -4 -1 -2 9 -9 -3
right_child=2 7 3 -5 -6 -7 -8 8 -10 -11
leaf_value=-0.006747691990604124 -0.0019115878133031431 -0.0011394684100803352 0 0 0.0052623512771826997 0 0.00039527097727181271 0 0.0026361489280123398 0
leaf_weight=51.055388757959008 7.3982292227447015 7.9426121190190333 7.3697343133389941 14.303254671394823 84.500742871314287 3.6280238945037118 6.6207499578595161 5.4550581946969023 9.1632658764719945 3.1539423950016499
leaf_count=522 55 66 30 63 213 30 19 37 24 12
internal_value=0.000419131 -0.00405343 0.00375718 0.00443362 0.00491725 -0.00644153 0 0.000370763 0.00163822 0
internal_weight=200.591 80.3983 120.193 106.174 91.8705 54.6834 14.019 25.7149 14.6183 11.0966
internal_count=1071 691 380 306 243 552 74 139 61 78
is_linear=0
shrinkage=0.0069078


Tree=10
num_leaves=13
num_cat=0
split_feature=10 10 16 6 28 28 0 6 6 6 6 6
split_gain=15.3142 4.93841 5.22992 2.72518 2.0722 2.01906 1.60291 1.60771 1.17374 0.663989 0.651995 0.243704
threshold=0.22401433691756273 0.10070850202429146 15.500000000000002 106.25000000000001 0.0038849515942992502 0.0077687596940486511 1175.0000000000002 108.95000000000002 69.850000000000009 109.55000000000001 80.250000000000014 121.95000000000002
decision_type=2 2 2 2 2 2 2 2 2 2 2 2
left_child=1 5 3 10 -4 -1 -2 -8 -6 -5 -3 -10
right_child=6 2 4 9 8 -7 7 -9 11 -11 -12 -13
leaf_value=0.00049499556592821187 0 0 0 0.0020258961296384021 0 -0.0019640793634952366 -0.0033944265417733739 0 0.0040415168079614202 0 -0.0022963187027658632 0
leaf_weight=9.0597493201494235 4.1550680939108124 9.6492449194192904 5.6972474530339232 15.406839296221735 16.912397967651486 14.809663504362105 33.063264084979892 9.1288549695163947 57.938494998961687 7.2372631728649131 8.4383776355534774 6.7687557712197295
leaf_count=38 22 51 38 44 100 109 273 67 211 35 55 28
internal_value=0.000464192 0.00165902 0.00222446 0 0.00310293 -8.51316e-05 -0.00244871 -0.00282384 0.003365 0.00147273 -0.00150152 0.00383116
internal_weight=198.265 151.918 128.049 40.7317 87.3169 23.8694 46.3472 42.1921 81.6196 22.6441 18.0876 64.7073
internal_count=1071 709 562 185 377 147 362 340 339 79 106 239
is_linear=0
shrinkage=0.0069078


Tree=11
num_leaves=10
num_cat=0
split_feature=9 9 2 17 28 2 9 2 16
split_gain=7.71782 16.3553 4.49795 3.4374 2.73602 1.57324 1.29585 0.85447 0.343327
threshold=0.049515639589168957 0.043961352657004807 6.5000000000000009 32.256666666666675 0.014268447397330151 10.500000000000002 0.017148526077097454 13.500000000000002 16.500000000000004
decision_type=2 2 2 2 2 2 2 2 2
left_child=1 4 -2 -3 5 -1 7 -6 -4
right_child=2 3 8 -5 6 -7 -8 -9 -10
leaf_value=0 -0.0033264767931086756 0 0.00058278709437196996 0.0043898433365158309 -0.0026484007126010372 0.0019681949655102971 0 0 -0.00040374853717993253
leaf_weight=7.8914497680962112 18.796026036143303 10.34979636594653 27.305132819339633 55.910534461960196 24.66870942898095 13.267404854297636 18.185275157913566 6.1377765517681828 15.624016530811785
leaf_count=57 175 56 130 174 177 49 106 33 114
internal_value=0.000483163 0.00148971 -0.0011509 0.00380079 -0.000435116 0.000616225 -0.00151953 -0.00221636 0
internal_weight=198.136 136.411 61.7252 66.2603 70.1506 21.1589 48.9918 30.8065 42.9291
internal_count=1071 652 419 230 422 106 316 210 244
is_linear=0
shrinkage=0.0069078


Tree=12
num_leaves=15
num_cat=0
split_feature=18 27 18 10 9 9 17 6 28 6 17 16 10 11
split_gain=27.3172 10.6095 8.27697 10.0091 6.43378 3.94303 3.8301 3.67559 1.92024 0.689195 0.535083 0.52974 0.35224 0.392129
threshold=36.500000000000007 1.0000000180025095e-35 33.500000000000007 0.23030303030303029 0.039736842105263161 0.07669789227166271 58.524444444444448 67.65000000000002 0.0138625743476495 55.650000000000013 34.170000000000009 15.500000000000002 0.43123138033763658 0.19202898550724631
decision_type=2 2 2 2 2 2 2 2 2 2 2 2 2 2
left_child=1 2 7 4 8 11 -3 9 -4 -1 -6 -2 13 -5
right_child=5 6 3 12 10 -7 -8 -9 -10 -11 -12 -13 -14 -15
leaf_value=-0.0007820466214093245 0.0012432089625412299 -0.0053666566643748321 0.0015096762874912545 -0.002661297313558878 0 0 0 -0.0041564964869415435 -0.001646654770162042 0.001273136760361635 0.0047282002041768769 0.0060451426831743434 0 0
leaf_weight=4.8208387307822722 32.384075365960598 21.388659302145243 5.9491057097911861 8.185341499745844 7.9440501388162366 7.27064175158739 14.203144855797289 15.459567606449125 12.088497612625359 5.9703841954469681 29.83520744368434 26.811530467122793 2.6197550669312468 2.8154470156878224
leaf_count=52 126 209 15 87 32 44 79 141 86 17 86 62 18 17
internal_value=0.00047652 -0.00115851 0 0.00136584 0.0028776 0.00392218 -0.00394352 -0.00265219 0 0 0.00424507 0.00444722 -0.00195484 -0.00227096
internal_weight=197.746 131.28 95.6882 69.4374 55.8169 66.4662 35.5918 26.2508 18.0376 10.7912 37.7793 59.1956 13.6205 11.0008
internal_count=1071 839 551 341 219 232 288 210 101 69 118 188 122 104
is_linear=0
shrinkage=0.0069078


Tree=13
num_leaves=10
num_cat=0
split_feature=5 4 4 2 5 5 2 4 2
split_gain=66.7285 22.5535 9.47977 2.58627 1.79949 1.66856 1.36368 0.599118 0.355643
threshold=37.550000000000004 36.500000000000007 33.500000000000007 15.500000000000002 129.90000000000001 35.650000000000013 9.5000000000000018 38.500000000000007 2.5000000000000004
decision_type=2 2 2 2 2 2 2 2 2
left_child=1 3 4 5 -2 -1 7 -3 -4
right_child=2 6 8 -5 -6 -7 -8 -9 -10
leaf_value=-0.0067137531287744445 -0.0021640155473166989 -0.0012646108805182102 0 0 0.00074763555403475673 0 0.0017285403648441063 0 0.0047972467372490194
leaf_weight=48.735180359333754 7.4047038294374925 8.8006818816065806 8.5945537872612459 3.8710372485220423 6.4719293639063835 2.8089089877903453 13.85850454866886 3.624897174537181 94.31260809674859
leaf_count=517 55 72 37 30 18 17 55 16 254
internal_value=0.000518903 -0.00382776 0.0038956 -0.00610389 0 -0.00645542 0.000312465 0 0.00459301
internal_weight=198.483 81.6992 116.784 55.4151 13.8766 51.5441 26.2841 12.4256 102.907
internal_count=1071 707 364 564 73 534 143 88 291
is_linear=0
shrinkage=0.0069078


Tree=14
num_leaves=10
num_cat=0
split_feature=5 18 18 10 2 5 5 2 18
split_gain=61.4495 20.4422 7.80739 5.42589 2.19808 1.34476 1.11979 0.970871 0.436037
threshold=37.550000000000004 36.500000000000007 33.500000000000007 0.23030303030303029 15.500000000000002 35.650000000000013 129.90000000000001 9.5000000000000018 38.500000000000007
decision_type=2 2 2 2 2 2 2 2 2
left_child=1 4 6 -4 5 -1 -2 8 -3
right_child=2 7 3 -5 -6 -7 -8 -9 -10
leaf_value=-0.0065263062213690897 -0.0017314499675905293 -0.0010870027761829375 0.0048722144655487703 0 0 0 0.00058290536565826451 0.0014571151391185096 0
leaf_weight=46.397693034261465 6.9702254310250265 8.5336221270263213 92.217900097370148 11.669066626578568 3.9104898758232585 2.8015896789729586 6.6098122969269753 13.442611888051031 3.5332398638129225
leaf_count=517 55 72 230 61 30 17 18 55 16
internal_value=0.000543445 -0.00372945 0.00374324 0.00435824 -0.00593943 -0.00628044 0 0.000207052 0
internal_weight=196.086 78.6192 117.467 103.887 53.1098 49.1993 13.58 25.5095 12.0669
internal_count=1071 707 364 291 564 534 73 143 88
is_linear=0
shrinkage=0.0069078


Tree=15
num_leaves=10
num_cat=0
split_feature=5 18 18 22 5 5 11 5 18
split_gain=55.6589 19.9453 7.29416 1.88816 1.14556 1.00958 0.892467 0.858407 0.318762
threshold=37.550000000000004 36.500000000000007 33.500000000000007 1.0000000180025095e-35 35.650000000000013 14.550000000000002 0.087121212121212113 129.90000000000001 38.500000000000007
decision_type=2 2 2 2 2 2 2 2 2
left_child=1 4 7 6 -1 8 -4 -2 -3
right_child=2 5 3 -5 -6 -7 -8 -9 -10
leaf_value=-0.00602349489704802 -0.0015675193777275991 -0.00095696817812633951 0.0051045505552045197 0.00014748793453323215 0 0.0014703534614664516 0 0.00035539719708302647 0
leaf_weight=48.94050638563931 6.7958532273769361 7.5336494520306605 71.188917648047209 22.370779503136873 2.739944163709878 14.607961032539604 9.9147605188190919 6.4664311408996582 3.012061707675457
leaf_count=547 55 66 173 78 17 65 40 18 12
internal_value=0.000530431 -0.00358087 0.00357876 0.00417243 -0.00580918 0.000297413 0.00476649 0 0
internal_weight=193.571 76.8341 116.737 103.474 51.6805 25.1537 81.1037 13.2623 10.5457
internal_count=1071 707 364 291 564 143 213 73 78
is_linear=0
shrinkage=0.0069078


Tree=16
num_leaves=8
num_cat=0
split_feature=5 18 2 3 22 28 18
split_gain=57.4729 27.7318 5.28304 3.12509 2.44496 1.32649 0.979801
threshold=94.550000000000011 38.500000000000007 13.500000000000002 57.500000000000007 1.0000000180025095e-35 0.93926935100788345 34.500000000000007
decision_type=2 2 2 2 2 2 2
left_child=1 2 3 5 -2 -1 -4
right_child=4 -3 6 -5 -6 -7 -8
leaf_value=-0.0049904782853616826 0.0058295390347094748 0.0044362393639262978 -0.0015678018976834403 0 0 0 0.00063798809893435076
leaf_weight=75.618757203221321 53.363866992294788 12.366139709949492 6.1274475194513824 7.4065485373139373 10.811429120600222 7.3222812525928012 13.980651423335074
leaf_count=646 101 33 70 44 30 55 73
internal_value=0.000178393 -0.00237418 -0.00370949 -0.00436794 0.00523212 -0.00471542 0
internal_weight=186.997 122.822 110.456 90.3476 64.1753 82.941 20.1081
internal_count=1052 921 888 745 131 701 143
is_linear=0
shrinkage=0.0069078


Tree=17
num_leaves=8
num_cat=0
split_feature=5 4 9 4 3 5 2
split_gain=52.487 30.2059 3.70218 3.18151 2.45599 1.42337 1.50864
threshold=94.550000000000011 37.500000000000007 0.025167084377610654 38.500000000000007 57.500000000000007 86.050000000000011 15.500000000000002
decision_type=2 2 2 2 2 2 2
left_child=1 4 -2 -3 5 6 -1
right_child=2 3 -4 -5 -6 -7 -8
leaf_value=-0.004818241374960266 0 0 0.0057393869461182081 0.0045839216722287461 0 0 0
leaf_weight=78.796631617471576 10.776242434978483 12.107425432652237 52.501914605498314 13.297336161136625 7.1677020080387583 3.7574999555945388 6.797976814210414
leaf_count=718 31 56 100 33 44 20 50
internal_value=0.00018993 -0.00224429 0.00505894 0.00303828 -0.00410903 -0.00439367 -0.00455939
internal_weight=185.203 121.925 63.2782 25.4048 96.5198 89.3521 85.5946
internal_count=1052 921 131 89 832 788 768
is_linear=0
shrinkage=0.0069078


Tree=18
num_leaves=7
num_cat=0
split_feature=5 4 4 22 3 5
split_gain=51.9485 29.5598 2.70933 2.3507 1.70097 1.17101
threshold=94.550000000000011 37.500000000000007 38.500000000000007 1.0000000180025095e-35 57.500000000000007 86.050000000000011
decision_type=2 2 2 2 2 2
left_child=1 4 -3 -2 5 -1
right_child=3 2 -4 -5 -6 -7
leaf_value=-0.004523965912639683 0.0056043205319325296 0 0.0043401588459177293 0 0 0
leaf_weight=84.630950959399343 52.235594153404236 11.644154291599991 13.701035507023333 10.324182316660879 7.3577737584710112 3.7378929294645777
leaf_count=768 101 56 33 30 44 20
internal_value=0.000155699 -0.00226895 0.00295105 0.0050315 -0.00412211 -0.00437124
internal_weight=183.632 121.072 25.3452 62.5598 95.7266 88.3688
internal_count=1052 921 89 131 832 788
is_linear=0
shrinkage=0.0069078


Tree=19
num_leaves=8
num_cat=0
split_feature=5 5 28 5 2 22 2
split_gain=48.3049 5.53077 3.41686 2.92087 3.30551 2.22881 0.899242
threshold=94.550000000000011 33.300000000000004 0.24865370635666942 57.300000000000004 6.5000000000000009 1.0000000180025095e-35 4.5000000000000009
decision_type=2 2 2 2 2 2 2
left_child=1 2 -1 4 -3 -2 -5
right_child=5 3 -4 6 -6 -7 -8
leaf_value=-0.0042180704649854191 0.005436295533570475 -0.00037521217107918184 0 0 0.0024045562579026202 0 -0.0026612582507925808
leaf_weight=49.829762604087591 51.635854959487915 8.5381513014435786 20.878402844071388 5.4575197063386467 23.268943954259157 10.196299806237219 12.178177062422035
leaf_count=486 101 69 172 32 83 30 79
internal_value=0.000144024 -0.00219231 -0.00333055 0 0.000881409 0.00487891 -0.0020072
internal_weight=181.983 120.151 70.7082 49.4428 31.8071 61.8322 17.6357
internal_count=1052 921 658 263 152 131 111
is_linear=0
shrinkage=0.0069078


Tree=20
num_leaves=8
num_cat=0
split_feature=5 18 9 18 3 5 2
split_gain=46.6687 28.7724 4.15556 2.1254 1.61712 1.26709 1.33023
threshold=94.550000000000011 37.500000000000007 0.025167084377610654 38.500000000000007 57.500000000000007 86.050000000000011 15.500000000000002
decision_type=2 2 2 2 2 2 2
left_child=1 4 -2 -3 5 6 -1
right_child=2 3 -4 -5 -6 -7 -8
leaf_value=-0.0046629029884035578 0 0 0.0055153651183927569 0.0042629065543889639 0 0 0
leaf_weight=76.746593415737152 10.185009486973284 11.504144769161941 51.059048373252153 13.43469540029764 7.2006145976483813 3.5695176422595969 6.7183997929096213
leaf_count=718 31 56 100 33 44 20 50
internal_value=0.000138377 -0.00216222 0.00481596 0.00300742 -0.00401441 -0.00425743 -0.00441342
internal_weight=180.418 119.174 61.2441 24.9388 94.2351 87.0345 83.465
internal_count=1052 921 131 89 832 788 768
is_linear=0
shrinkage=0.0069078


Tree=21
num_leaves=11
num_cat=0
split_feature=4 27 4 10 9 4 6 6 6 6
split_gain=15.2615 10.74 16.721 7.24808 8.62269 2.33354 0.630171 0.826775 0.476572 0.999643
threshold=37.500000000000007 1.0000000180025095e-35 33.500000000000007 0.20169491525423733 0.039736842105263161 36.500000000000007 56.150000000000013 55.650000000000013 72.950000000000017 106.55000000000001
decision_type=2 2 2 2 2 2 2 2 2 2
left_child=1 2 6 4 -4 -3 7 -1 -7 -10
right_child=-2 5 3 -5 -6 8 -8 -9 9 -11
leaf_value=-0.0015580652339102405 0.0039348178682625575 -0.0041813934543015055 0 0 0.0050222968514397363 0.00010669005580643273 -0.0041842217985456022 0.00061477201127699396 -0.0021619464926110549 0
leaf_weight=5.080313717946412 33.712604321539402 29.683760780841112 14.848214728757737 19.273967189714313 38.21392697095871 9.114834703505041 14.283194119110702 4.3846494369208813 5.9509517513215524 3.873400941491127
leaf_count=58 104 274 101 145 111 43 143 12 44 17
internal_value=0.000155956 -0.000676226 0.000395985 0.00231284 0.00354605 -0.00313291 -0.00339752 0 0 -0.00109191
internal_weight=178.42 144.707 96.0843 72.3361 53.0621 48.6229 23.7482 9.46496 18.9392 9.82435
internal_count=1052 948 570 357 212 378 213 70 104 61
is_linear=0
shrinkage=0.0069078


Tree=22
num_leaves=8
num_cat=0
split_feature=5 4 4 3 5 2 9
split_gain=44.4765 27.3432 2.05835 1.02065 1.14019 1.13019 0.63139
threshold=94.550000000000011 37.500000000000007 38.500000000000007 57.500000000000007 86.050000000000011 15.500000000000002 0.039736842105263161
decision_type=2 2 2 2 2 2 2
left_child=1 3 -3 4 5 -1 -2
right_child=6 2 -4 -5 -6 -7 -8
leaf_value=-0.004492304530934901 0 0 0.004149498856322157 0 0 0 0.0054231847536968351
leaf_weight=75.612336924299598 13.521669037640093 11.11080699786544 13.826630041003225 7.3138792794197789 3.537561919540166 6.7307170927524558 45.810375913977623
leaf_count=718 42 56 33 44 20 50 89
internal_value=0.000166958 -0.00206682 0.0029506 -0.00389561 -0.0041058 -0.004255 0.00481218
internal_weight=177.464 118.132 24.9374 93.1945 85.8806 82.3431 59.332
internal_count=1052 921 89 832 788 768 131
is_linear=0
shrinkage=0.0069078


Tree=23
num_leaves=10
num_cat=0
split_feature=4 10 9 9 16 28 28 28 0
split_gain=13.4255 9.09211 14.1435 6.45781 7.22482 2.21273 2.11573 2.68069 0.992839
threshold=37.500000000000007 0.20169491525423733 0.039736842105263161 0.049515639589168957 15.500000000000002 0.0138625743476495 0.006932307399628951 0.99621173576945232 1175.0000000000002
decision_type=2 2 2 2 2 2 2 2 2
left_child=1 2 6 4 -4 -6 -1 -8 -3
right_child=-2 8 3 -5 5 -7 7 -9 -10
leaf_value=0 0.0037104451988743815 0 0 -9.8217940522894631e-05 0 0.0050350597236659793 -0.0037937026397941971 0 -0.0034269233351175935
leaf_weight=5.8728061914443961 32.984941031783819 3.9529904853552571 10.03501272946596 12.287975983694194 6.2747536189854136 36.523818140849471 26.420836292207245 4.3006760701537123 36.959211681038141
leaf_count=31 104 27 57 75 39 120 227 25 347
internal_value=0.000120274 -0.000650737 0.000209162 0.00231531 0.00337621 0.00449998 -0.00248489 -0.00310205 -0.00314124
internal_weight=175.613 142.628 101.716 65.1216 52.8336 42.7986 36.5943 30.7215 40.9122
internal_count=1052 948 574 291 216 159 283 252 374
is_linear=0
shrinkage=0.0069078


Tree=24
num_leaves=7
num_cat=0
split_feature=4 27 4 4 28 28
split_gain=14.8272 5.11661 11.2697 3.69752 0.756617 0.597185
threshold=37.500000000000007 1.5000000000000002 33.500000000000007 35.500000000000007 0.99905158556052898 0.014268447397330151
decision_type=2 2 2 2 2 2
left_child=1 2 4 5 -1 -4
right_child=-2 -3 3 -5 -6 -7
leaf_value=-0.0039734866318831257 0.0033984973823088967 -0.0036299751022870973 0.00054697727296856955 0.0026065470725545924 0 -0.00066971553574948718
leaf_weight=23.409710425883535 30.620334934443235 28.275911685079336 17.225261580199003 26.386568985879421 3.7491065599024287 36.914595950394869
leaf_count=208 102 237 100 117 34 266
internal_value=-0.000119367 -0.00131694 -0.000173766 0.000848413 -0.00362748 0
internal_weight=166.581 135.961 107.685 80.5264 27.1588 54.1399
internal_count=1064 962 725 483 242 366
is_linear=0
shrinkage=0.0069078


Tree=25
num_leaves=10
num_cat=0
split_feature=5 4 4 27 5 4 5 9 5
split_gain=29.5354 7.79963 4.39905 3.46739 5.70822 4.36855 3.46247 2.92476 2.35658
threshold=14.550000000000002 33.500000000000007 38.500000000000007 1.5000000000000002 35.650000000000013 37.500000000000007 2.4500000000000006 0.17515516611902152 150.05000000000004
decision_type=2 2 2 2 2 2 2 2 2
left_child=2 8 6 4 -3 -5 -1 -8 -2
right_child=1 3 -4 5 -6 -7 7 -9 -10
leaf_value=0 -0.0028617836474204663 0 0 -0.0016006858002535721 0.0039165444124357159 0.0022604514292514926 -0.0063212591749289126 0 0
leaf_weight=1.8704673126339901 11.596751343458893 15.571858346462248 2.2515845149755469 19.260451894253492 56.317541502416134 17.512234747409821 32.873520551249385 2.7440437190234652 5.9953084439039221
leaf_count=10 113 130 10 131 184 52 392 22 20
internal_value=-0.000108987 0.00135895 -0.00487793 0.0021911 0.00300415 0 -0.00542705 -0.00586364 -0.0014601
internal_weight=165.994 126.254 39.7396 108.662 71.8894 36.7727 37.488 35.6176 17.5921
internal_count=1064 630 434 497 314 183 424 414 133
is_linear=0
shrinkage=0.0069078


Tree=26
num_leaves=12
num_cat=0
split_feature=5 18 24 18 5 5 21 9 5 7 5
split_gain=28.625 7.58281 4.41046 4.31178 2.24019 2.1264 3.55664 1.84691 3.18462 0.717696 0.307668
threshold=14.550000000000002 33.500000000000007 1.5000000000000002 38.500000000000007 150.05000000000004 31.200000000000006 1.0000000180025095e-35 0.17515516611902152 2.4500000000000006 6.5000000000000009 23.650000000000002
decision_type=2 2 2 2 2 2 2 2 2 2 2
left_child=3 4 5 7 10 -3 -7 8 -1 -10 -2
right_child=1 2 -4 -5 -6 6 -8 -9 9 -11 -12
leaf_value=0 0 0 -7.9636371540396018e-05 0 0 0.003936940300590509 0 0 -0.0064186324234629813 0 -0.0030884687364699319
leaf_weight=1.6021128669381131 2.5169694181531694 21.594159938395023 6.5459496304392806 2.2141697108745566 5.84844847023487 57.230786927044392 22.963009342551231 2.7412777580320826 29.967133989557627 1.8660032227635373 9.4071858972311002
leaf_count=8 22 163 42 10 20 197 95 24 379 13 91
internal_value=-9.52578e-05 0.00132984 0.00215682 -0.00487578 -0.00142767 0.00261228 0.00310022 -0.00542984 -0.00578424 -0.00620342 -0.00277421
internal_weight=164.497 126.107 108.334 38.3907 17.7726 101.788 80.1938 36.1765 33.4353 31.8331 11.9242
internal_count=1064 630 497 434 133 455 292 424 400 392 113
is_linear=0
shrinkage=0.0069078


Tree=27
num_leaves=10
num_cat=0
split_feature=5 4 5 4 2 9 5 2 9
split_gain=26.7038 7.46418 5.38469 4.17761 2.1901 2.06846 2.00498 1.92389 1.48294
threshold=14.550000000000002 36.500000000000007 107.65000000000002 38.500000000000007 11.500000000000002 0.17515516611902152 3.3500000000000001 13.500000000000002 0.10495716034271721
decision_type=2 2 2 2 2 2 2 2 2
left_child=3 2 7 5 -4 6 -1 8 -2
right_child=1 -3 4 -5 -6 -7 -8 -9 -10
leaf_value=0 -0.002453953375252949 0.0032444444811137768 0 0 0.003293863214961207 0 -0.0061218516360618397 0 0
leaf_weight=2.6362388357520095 36.188833324238658 45.279688518494368 15.792281575500967 2.2128674015402785 14.099547058343886 2.8379264697432509 29.706695057451725 9.0096300393342954 5.6551993042230597
leaf_count=21 297 144 57 10 31 24 379 57 44
internal_value=-9.25055e-05 0.00126442 0 -0.00477544 0.00194182 -0.0053338 -0.00572554 -0.00135487 -0.00199083
internal_weight=163.419 126.025 80.7455 37.3937 29.8918 35.1809 32.3429 50.8537 41.844
internal_count=1064 630 486 434 88 424 400 398 341
is_linear=0
shrinkage=0.0069078


Tree=28
num_leaves=9
num_cat=0
split_feature=2 9 10 7 10 19 2 0
split_gain=4.62891 2.73269 2.70192 1.29451 4.99937 1.02263 0.527946 0.815878
threshold=6.5000000000000009 0.039736842105263161 0.23875968992248062 6.5000000000000009 0.15677668539325842 3.5000000000000004 12.500000000000002 1075.0000000000002
decision_type=2 2 2 2 2 2 2 2
left_child=3 6 5 4 -1 -3 7 -2
right_child=1 2 -4 -5 -6 -7 -8 -9
leaf_value=0 0 0.0029827259572877659 0 0 -0.0035297662334629115 0 0 -0.0016511256769096408
leaf_weight=14.667992148548363 3.3768245652318027 28.857982337474823 20.360960908234119 12.677375202998517 30.046459913253784 22.272948626428843 13.807196754962204 16.447350593283772
leaf_count=96 19 115 162 65 271 121 87 128
internal_value=-7.77028e-05 0.00055214 0.00140815 -0.00167778 -0.00215099 0.00218973 -0.00035746 -0.00102982
internal_weight=162.515 105.123 71.4919 57.3918 44.7145 51.1309 33.6314 19.8242
internal_count=1064 632 398 432 367 236 234 147
is_linear=0
shrinkage=0.0069078


Tree=29
num_leaves=11
num_cat=0
split_feature=5 4 4 2 9 5 28 5 6 5
split_gain=24.928 7.37526 4.04822 3.82826 2.16882 2.29773 2.0438 1.90274 1.20252 0.896741
threshold=14.550000000000002 33.500000000000007 38.500000000000007 6.5000000000000009 0.17515516611902152 3.3500000000000001 0.49723422411597229 150.05000000000004 121.85000000000001 47.850000000000001
decision_type=2 2 2 2 2 2 2 2 2 2
left_child=2 7 4 9 5 -1 8 -2 -5 -3
right_child=1 3 -4 6 -6 -7 -8 -9 -10 -11
leaf_value=0 -0.0027103584275808656 -0.0010182411122365521 0 0.0034402297447291221 0 -0.0060456946211556156 0 0 0 0.00081665388116904927
leaf_weight=2.6350307799875763 11.45285961776972 12.17194354906678 2.1662738025188437 61.425753731280565 2.8452970162034026 28.997854296118021 5.7780953776091328 6.1777014061808577 6.8689069338142863 22.053304858505726
leaf_count=21 113 111 10 247 24 379 29 20 28 82
internal_value=-6.29024e-05 0.00123194 -0.00464227 0.00205737 -0.00520171 -0.0056117 0.00285867 -0.001499 0.00316904 0
internal_weight=162.573 125.929 36.6445 108.298 34.4782 31.6329 74.0728 17.6306 68.2947 34.2252
internal_count=1064 630 434 497 424 400 304 133 275 193
is_linear=0
shrinkage=0.0069078


Tree=30
num_leaves=11
num_cat=0
split_feature=5 4 2 4 28 10 5 6 5 6
split_gain=23.8361 7.44764 4.01398 3.95896 2.03815 1.88901 1.87877 1.08738 0.844588 0.289537
threshold=14.550000000000002 33.500000000000007 6.5000000000000009 38.500000000000007 0.49723422411597229 0.32188438438438444 150.05000000000004 121.85000000000001 47.850000000000001 69.250000000000014
decision_type=2 2 2 2 2 2 2 2 2 2
left_child=3 6 8 5 7 -1 -2 9 -3 -4
right_child=1 2 4 -5 -6 -7 -8 -9 -10 -11
leaf_value=-0.0059610962299127476 -0.0027761150915104706 -0.001047955653309676 0 0 0 0 0 0 0.00074597462153160423 0.0035678500880499892
leaf_weight=25.264056334272027 10.982765521854164 11.980812996625898 4.7573088854551306 2.1604608595371237 5.7758055571466675 8.5858023203909379 6.1838409304618827 6.8456618487834922 21.792389430105686 57.034806840121746
leaf_count=344 113 111 31 10 29 80 20 28 82 216
internal_value=-4.86546e-05 0.00120936 0.00203803 -0.00456899 0.00285096 -0.00513101 -0.00157305 0.00315967 0 0.00341761
internal_weight=161.364 125.353 108.187 36.0103 74.4136 33.8499 17.1666 68.6378 33.7732 61.7921
internal_count=1064 630 497 434 304 424 133 275 193 247
is_linear=0
shrinkage=0.0069078


Tree=31
num_leaves=11
num_cat=0
split_feature=5 18 27 5 18 18 5 9 5 10
split_gain=22.1488 6.92208 4.84937 4.84536 3.86497 3.61063 2.19714 2.15868 1.64173 1.61184
threshold=14.550000000000002 33.500000000000007 1.5000000000000002 35.650000000000013 38.500000000000007 37.500000000000007 2.4500000000000006 0.17515516611902152 150.05000000000004 0.23030303030303029
decision_type=2 2 2 2 2 2 2 2 2 2
left_child=4 8 3 -3 6 -4 -1 -8 -2 -5
right_child=1 2 5 9 -6 -7 7 -9 -10 -11
leaf_value=0 -0.0027092171463394916 0 -0.0018351063736511365 0.0040750269871433252 0 0.0017003672150172301 -0.0058548634410863377 0 0 0
leaf_weight=1.5501412525773037 10.855226790532472 15.39793431945145 19.449079889804125 48.546955410391092 2.1744987219572058 17.29036296159029 28.753364510834221 2.8870779387652865 6.0657558888196936 7.8755830377340308
leaf_count=10 113 130 131 140 10 52 392 22 20 44
internal_value=-0.000123258 0.00107326 0.00188356 0.00283188 -0.00451137 0 -0.00507573 -0.00541469 -0.00161672 0.00366536
internal_weight=160.846 125.481 108.56 71.8205 35.3651 36.7394 33.1906 31.6404 16.921 56.4225
internal_count=1064 630 497 314 434 183 424 414 133 184
is_linear=0
shrinkage=0.0069078


Tree=32
num_leaves=9
num_cat=0
split_feature=5 4 5 5 9 28 3 5
split_gain=26.6904 20.7455 2.32818 2.17876 1.52457 1.59473 1.29304 1.09236
threshold=94.550000000000011 36.500000000000007 53.150000000000006 14.550000000000002 0.17515516611902152 0.0035613938301589502 55.500000000000007 79.450000000000017
decision_type=2 2 2 2 2 2 2 2
left_child=1 4 3 -3 5 -1 -2 -7
right_child=6 2 -4 -5 -6 7 -8 -9
leaf_value=0 0.0043625737883249459 0 0 0.0029876909699378044 0 -0.0046507407271761374 0 0
leaf_weight=3.3730706125497809 37.17052036523819 8.5410917177796346 6.5907109417021266 24.866789869964123 3.1170572713017455 62.961898406967521 15.272511236369608 6.1794352009892455
leaf_count=27 82 79 34 87 26 650 43 38
internal_value=0 -0.00191044 0.00133849 0.00216437 -0.00400272 -0.00418635 0.0036475 -0.00438796
internal_weight=168.073 115.63 39.9986 33.4079 75.6315 72.5144 52.443 69.1413
internal_count=1066 941 200 166 741 715 125 688
is_linear=0
shrinkage=0.0069078


Tree=33
num_leaves=10
num_cat=0
split_feature=4 17 2 9 9 9 17 10 3
split_gain=22.629 7.34242 4.21429 1.37271 2.28405 0.686206 2.11046 0.666062 0.360647
threshold=36.500000000000007 55.060763888888893 4.5000000000000009 0.049515639589168957 0.039736842105263161 0.07669789227166271 26.292708333333337 0.16374829001367988 51.500000000000007
decision_type=2 2 2 2 2 2 2 2 2
left_child=1 2 -1 4 -3 6 -2 -5 -4
right_child=5 3 8 7 -6 -7 -8 -9 -10
leaf_value=0 0 0 0 0 0.0025435505851400804 0 0.0037908979471304037 -0.001667509935519302 -0.0042487845375454069
leaf_weight=22.958076097071171 6.7294891141355029 9.0305547565221804 3.9413703046739093 2.8337741643190366 16.222603593021631 7.1333678923547259 45.297821085900068 6.2464249767363071 46.348601065576077
leaf_count=170 36 75 22 10 58 47 152 78 418
internal_value=0 -0.00192404 -0.0030825 0 0.00126209 0.00308149 0.00333767 -0.000772031 -0.00406986
internal_weight=166.742 107.581 73.248 34.3334 25.2532 59.1607 52.0273 9.0802 50.29
internal_count=1066 831 610 221 133 235 188 88 440
is_linear=0
shrinkage=0.0069078


Tree=34
num_leaves=9
num_cat=0
split_feature=4 28 10 2 28 9 10 10
split_gain=21.4763 2.95817 0.824209 1.17431 0.920347 0.799827 0.624278 0.234525
threshold=36.500000000000007 0.028477136530302153 0.39231927710843378 13.500000000000002 0.99621173576945232 0.07669789227166271 0.16064516129032258 0.41070163004961019
decision_type=2 2 2 2 2 2 2 2
left_child=1 6 3 4 -3 -2 -1 -8
right_child=5 2 -4 -5 -6 -7 7 -9
leaf_value=0.00034743916132469937 0.0032499993825210439 -0.0036725262293035585 0 0 0 0 -0.0010780535198494433 0
leaf_weight=18.406918004155159 52.33199630305171 42.437999783083797 4.9865422006696454 9.9413601830601674 3.9763369150459758 6.7737664245069018 23.330641400069002 3.7955833673477164
leaf_count=102 188 350 40 72 28 47 210 29
internal_value=0 -0.00189037 -0.00280868 -0.00301513 -0.00342484 0.00299222 0 -0.000855115
internal_weight=165.981 106.875 61.3422 56.3557 46.4143 59.1058 45.5331 27.1262
internal_count=1066 831 490 450 378 235 341 239
is_linear=0
shrinkage=0.0069078


Tree=35
num_leaves=11
num_cat=0
split_feature=5 4 17 5 5 9 5 17 5 9
split_gain=26.8737 18.9042 2.03142 1.85499 1.9768 1.7466 1.6127 1.39047 0.883738 0.611879
threshold=94.550000000000011 36.500000000000007 24.071428571428573 53.150000000000006 14.550000000000002 0.039736842105263161 32.250000000000007 35.113958333333343 45.600000000000009 0.049515639589168957
decision_type=2 2 2 2 2 2 2 2 2 2
left_child=1 2 -1 4 -3 -2 -4 -6 -8 -7
right_child=5 3 6 -5 7 9 8 -9 -10 -11
leaf_value=0 0 0 -0.0056095698852560126 0 0 0.0050932372657913373 0 0.0036031667376703936 -0.0016059028667251467 0
leaf_weight=8.1904464587569219 12.201157651841639 8.400238882750271 36.605859698727727 6.7590340338647357 9.4815021678805369 27.182637006044388 12.144666220992805 15.184785027056931 17.753562724217772 11.53949189186096
leaf_count=39 40 79 489 34 47 48 69 40 144 37
internal_value=0 -0.00191724 -0.00392511 0.00115976 0.00191342 0.00371495 -0.0042847 0.00271445 -0.000832645 0.00436663
internal_weight=165.443 114.52 74.6945 39.8256 33.0665 50.9233 66.5041 24.6663 29.8982 38.7221
internal_count=1066 941 741 200 166 125 702 87 213 85
is_linear=0
shrinkage=0.0069078


Tree=36
num_leaves=9
num_cat=0
split_feature=4 17 2 28 9 9 9 17
split_gain=20.2287 6.87182 4.09046 1.9335 1.2179 2.24573 0.74419 1.7676
threshold=36.500000000000007 55.060763888888893 4.5000000000000009 0.0035613938301589502 0.049515639589168957 0.039736842105263161 0.07669789227166271 26.292708333333337
decision_type=2 2 2 2 2 2 2 2
left_child=1 2 -1 -4 5 -3 7 -2
right_child=6 4 3 -5 -6 -7 -8 -9
leaf_value=0 0 0 0 -0.0042775917513783769 -0.00066372998097060667 0.0025023047185353314 0 0.0035792122148911782
leaf_weight=22.968217236921191 6.9383897930383673 8.9153304062783736 3.0716114193201056 45.92098512686789 8.973389904946087 16.050022505223751 6.6176084093749514 45.110611245036125
leaf_count=170 36 75 21 419 88 58 47 152
internal_value=0 -0.00184401 -0.00297841 -0.0039675 0 0.00121394 0.00291168 0.00315859
internal_weight=164.566 105.9 71.9608 48.9926 33.9387 24.9654 58.6666 52.049
internal_count=1066 831 610 440 221 133 235 188
is_linear=0
shrinkage=0.0069078


Tree=37
num_leaves=8
num_cat=0
split_feature=18 17 2 28 3 2 17
split_gain=19.2153 6.62042 3.78918 1.85093 0.851359 0.653286 0.286736
threshold=36.500000000000007 55.060763888888893 4.5000000000000009 0.0035613938301589502 51.500000000000007 6.5000000000000009 26.176190476190481
decision_type=2 2 2 2 2 2 2
left_child=1 2 -1 -4 -5 -3 -2
right_child=6 5 3 4 -6 -7 -8
leaf_value=0 0 -0.00015944431115416283 0 0 -0.0044088292418208944 0.00094854845052462554 0.0030511149868997427
leaf_weight=22.736377628520131 7.4600027278065673 8.7488737516105157 3.0718946866691104 3.6853169165551654 42.078573893755674 25.067575629800558 51.287662204355001
leaf_count=170 40 85 21 21 398 136 195
internal_value=0 -0.00179463 -0.00291348 -0.00386563 -0.00417022 0 0.00284317
internal_weight=164.136 105.389 71.5722 48.8358 45.7639 33.8164 58.7477
internal_count=1066 831 610 440 419 221 235
is_linear=0
shrinkage=0.0069078


Tree=38
num_leaves=6
num_cat=0
split_feature=18 3 9 28 9
split_gain=18.3912 5.05904 0.858535 0.767589 0.627498
threshold=36.500000000000007 51.500000000000007 0.17515516611902152 0.0035613938301589502 0.07669789227166271
decision_type=2 2 2 2 2
left_child=1 -1 3 -3 -2
right_child=4 2 -4 -5 -6
leaf_value=0.0004302018900759163 0.0030097321381657707 0 0 -0.0026491341740075424 0
leaf_weight=12.335393283516167 51.96918747574091 3.2751134075224391 3.1643525175750247 86.336389891803265 6.5903588011860839
leaf_count=55 188 26 25 725 47
internal_value=0 -0.00176211 -0.00241089 -0.00253256 0.00278085
internal_weight=163.671 105.111 92.7759 89.6115 58.5595
internal_count=1066 831 776 751 235
is_linear=0
shrinkage=0.0069078


Tree=39
num_leaves=9
num_cat=0
split_feature=5 18 10 18 22 28 5 9
split_gain=25.0526 17.4553 2.75567 2.0428 1.92844 1.70554 1.82953 0.49997
threshold=97.850000000000009 36.500000000000007 0.33780760626398215 38.500000000000007 1.0000000180025095e-35 0.0035613938301589502 79.450000000000017 0.048115079365079354
decision_type=2 2 2 2 2 2 2 2
left_child=1 2 5 -3 7 -1 -7 -2
right_child=4 3 -4 -5 -6 6 -8 -9
leaf_value=0 0 0 0 0.0026287468975869856 0 -0.0049308756546688178 0 0.0047457256576571355
leaf_weight=3.3629513494670382 9.5694561004638654 27.827207483351231 11.632961580529807 12.75931955128908 9.4118518196046335 52.844762453809381 5.8155112452805033 30.242737263441086
leaf_count=27 30 168 103 33 31 573 38 63
internal_value=0 -0.0018582 -0.00381694 0.00103703 0.0036334 -0.00433616 -0.00457572 0.00419826
internal_weight=163.467 114.243 73.6562 40.5865 49.224 62.0232 58.6603 39.8122
internal_count=1066 942 741 201 124 638 611 93
is_linear=0
shrinkage=0.0069078


Tree=40
num_leaves=11
num_cat=0
split_feature=9 9 27 28 17 10 0 27 6 7
split_gain=3.68393 10.2164 4.03826 3.16857 1.29372 1.29198 1.22677 1.00644 1.09203 0.553448
threshold=0.049515639589168957 0.047065337763012159 1.5000000000000002 0.014268447397330151 33.236160714285724 0.11437908496732026 1075.0000000000002 10.500000000000002 123.30000000000003 3.5000000000000004
decision_type=2 2 2 2 2 2 2 2 2 2
left_child=1 3 4 -1 -3 -2 -5 8 9 -7
right_child=5 2 -4 6 -6 7 -8 -9 -10 -11
leaf_value=0 0 0 0 0 0.004217151858256332 0 -0.0026457477464220877 0 0 -0.002700744818224252
leaf_weight=18.871539209038019 3.4683674089610568 7.6934847682714453 17.165554035454988 7.4358083531260482 31.04679531045258 5.2252114042639723 30.708950757980347 2.9193844459950915 2.8898749537765971 35.290170533582568
leaf_count=112 13 36 84 45 108 46 259 20 22 313
internal_value=0 0.000575295 0.00265809 -0.00101995 0.00369213 -0.00151665 -0.00215824 -0.00188602 -0.00216102 -0.00244805
internal_weight=162.715 112.922 55.9058 57.0163 38.7403 49.793 38.1448 46.3246 43.4053 40.5154
internal_count=1058 644 228 416 144 414 304 401 381 359
is_linear=0
shrinkage=0.0069078


Tree=41
num_leaves=9
num_cat=0
split_feature=5 5 27 28 5 17 5 5
split_gain=35.034 7.1511 3.81116 1.18724 2.32464 0.705166 1.25659 0.490944
threshold=30.250000000000004 94.550000000000011 1.0000000180025095e-35 0.23466327634511161 48.150000000000013 24.071428571428573 2.4500000000000006 26.850000000000005
decision_type=2 2 2 2 2 2 2 2
left_child=5 3 -3 4 -2 -1 -7 -8
right_child=1 2 -4 -5 -6 6 7 -9
leaf_value=0 0.0020668732233249747 0.0049047431973324703 0 -0.00099400934848981634 0 0 -0.004782800729213459 0
leaf_weight=5.4359735809266558 25.442147254943848 35.564965322613716 13.64094230532646 11.287534981966017 21.033305995166302 1.9389929361641396 45.043250564485788 3.0158663392066947
leaf_count=32 118 78 41 78 114 14 553 30
internal_value=0 0.00217864 0.00391224 0 0.000810947 -0.00416849 -0.00442096 -0.00461061
internal_weight=162.403 106.969 49.2059 57.763 46.4755 55.4341 49.9981 48.0591
internal_count=1058 429 119 310 232 629 597 583
is_linear=0
shrinkage=0.0069078


Tree=42
num_leaves=8
num_cat=0
split_feature=5 2 18 28 2 17 5
split_gain=33.9387 7.27312 6.33926 5.83177 3.097 1.53057 0.479904
threshold=30.250000000000004 6.5000000000000009 38.500000000000007 0.24865370635666942 13.500000000000002 24.071428571428573 112.45000000000002
decision_type=2 2 2 2 2 2 2
left_child=2 6 4 -3 5 -1 -2
right_child=1 3 -4 -5 -6 -7 -8
leaf_value=0 -0.00086628913079252743 0.0039678698533606701 0 0 0 -0.0059945644674524448 0.00017709563784879011
leaf_weight=5.240740403532981 20.561338042840362 64.943144179880619 4.3512491658329955 9.5991268046200258 10.004004267975686 35.526661328971386 11.925183065235613
leaf_count=31 141 206 19 50 96 483 32
internal_value=0 0.00215665 -0.00410055 0.00325709 -0.00480536 -0.00553996 0
internal_weight=162.151 107.029 55.1227 74.5423 50.7714 40.7674 32.4865
internal_count=1058 429 629 256 610 514 173
is_linear=0
shrinkage=0.0069078


Tree=43
num_leaves=9
num_cat=0
split_feature=5 5 4 9 5 17 28 5
split_gain=32.7293 6.50453 6.34956 2.17335 1.25589 1.17691 1.16923 1.83881
threshold=30.250000000000004 94.550000000000011 38.500000000000007 0.048115079365079354 2.4500000000000006 24.071428571428573 0.23466327634511161 48.150000000000013
decision_type=2 2 2 2 2 2 2 2
left_child=2 6 4 -3 -1 -6 7 -2
right_child=1 3 -4 -5 5 -7 -8 -9
leaf_value=0 0.0018796333220586008 0 0 0.0043991683222915452 0 -0.0053211264729036839 -0.00097961544142992113 0
leaf_weight=2.0475596711039534 26.041888020932674 10.34736394882202 4.3628110885620108 38.929836444556713 5.1050205901265135 42.696455840021372 11.208762114867566 20.529025834053755
leaf_count=15 118 35 19 84 30 565 78 114
internal_value=0 0.00210574 -0.00406703 0.00376082 -0.00478616 -0.00497852 0 0.000807974
internal_weight=161.269 107.057 54.2118 49.2772 49.849 47.8015 57.7797 46.5709
internal_count=1058 429 629 119 610 595 310 232
is_linear=0
shrinkage=0.0069078


Tree=44
num_leaves=14
num_cat=0
split_feature=18 27 18 6 17 6 3 6 17 17 6 11 18
split_gain=8.34495 6.61425 4.8521 3.07468 3.5912 2.54562 2.04732 1.96183 1.78221 1.10896 0.716516 0.660629 0.381942
threshold=33.500000000000007 1.0000000180025095e-35 38.500000000000007 69.850000000000009 33.715238095238099 106.25000000000001 53.500000000000007 68.300000000000026 61.057264957264962 24.782291666666669 55.650000000000013 0.066964285714285712 36.500000000000007
decision_type=2 2 2 2 2 2 2 2 2 2 2 2 2
left_child=7 3 5 -2 -5 6 -3 10 9 -8 -1 -6 -7
right_child=1 2 -4 4 11 12 8 -9 -10 -11 -12 -13 -14
leaf_value=-0.0013406784262826805 0 0 0.0016817435584526707 0 0.0040442263037022627 -0.00051011494811079884 0 -0.0044403953956065438 0 -0.0043648877179105847 0.00079481192370648541 0 0.00082267966448456968
leaf_weight=4.8423231989145297 11.693421483039854 10.190241461619733 12.67014070600271 15.888993158936499 33.91501123458147 6.5755593404173878 2.6499874703586164 12.941744156181811 4.7413614876568309 19.63100809045136 5.4465533792972565 7.5027558095753184 11.835439782589672
leaf_count=53 108 72 34 86 132 66 18 150 39 198 16 40 46
internal_value=0 0.000627843 -0.00050554 0.00212795 0.00274518 -0.00171278 -0.0025932 -0.00324652 -0.00336591 -0.0039692 0 0.00364708 0
internal_weight=160.525 137.294 68.2937 69.0002 57.3068 55.6236 37.2126 23.2306 27.0224 22.281 10.2889 41.4178 18.411
internal_count=1058 839 473 366 258 439 327 219 255 216 69 172 112
is_linear=0
shrinkage=0.0069078


Tree=45
num_leaves=7
num_cat=0
split_feature=5 2 28 2 17 5
split_gain=31.6665 7.03916 5.47056 1.08998 1.1221 0.571333
threshold=30.250000000000004 6.5000000000000009 0.24865370635666942 13.500000000000002 24.071428571428573 112.45000000000002
decision_type=2 2 2 2 2 2
left_child=3 5 -3 4 -1 -2
right_child=1 2 -4 -5 -6 -7
leaf_value=0 -0.00094785862654311393 0.0038419661781757429 0 0 -0.0048853712064967228 0.0001880751540243494
leaf_weight=5.545158725231885 20.439702650532126 64.604329083114862 9.450738547369836 10.143668875098227 38.101808398962021 11.987547300755976
leaf_count=32 141 206 50 99 498 32
internal_value=0 0.00206053 0.00315317 -0.00402885 -0.00451011 0
internal_weight=160.273 106.482 74.0551 53.7906 43.647 32.4272
internal_count=1058 429 256 629 530 173
is_linear=0
shrinkage=0.0069078


Tree=46
num_leaves=8
num_cat=0
split_feature=5 5 4 9 5 28 5
split_gain=30.874 6.9736 5.71544 1.91836 1.14398 0.932549 1.66114
threshold=30.250000000000004 94.550000000000011 38.500000000000007 0.048115079365079354 2.4500000000000006 0.23466327634511161 48.150000000000013
decision_type=2 2 2 2 2 2 2
left_child=2 5 4 -3 -1 6 -2
right_child=1 3 -4 -5 -6 -7 -8
leaf_value=0 0.001724071737623054 0 0 0.0043563699547158651 -0.004863064299622538 -0.00096762601506063359 0
leaf_weight=2.0466904379427424 26.207341194152832 10.239099744707344 4.2256811559200278 38.190882228314877 47.071085089817643 11.098556699231265 20.533578593283892
leaf_count=15 118 35 19 84 595 78 114
internal_value=0 0.00202442 -0.00400363 0.0037426 -0.00467756 0 0.000677366
internal_weight=159.613 106.269 53.3435 48.43 49.1178 57.8395 46.7409
internal_count=1058 429 629 119 610 310 232
is_linear=0
shrinkage=0.0069078


Tree=47
num_leaves=10
num_cat=0
split_feature=5 5 18 27 17 5 18 5 8
split_gain=28.8702 6.81856 5.58399 3.98588 1.46034 1.52334 0.825531 1.04274 0.538686
threshold=30.250000000000004 94.550000000000011 38.500000000000007 1.0000000180025095e-35 24.071428571428573 2.4500000000000006 36.500000000000007 53.150000000000006 2018.5000000000002
decision_type=2 2 2 2 2 2 2 2 2
left_child=2 6 4 -3 -1 -6 8 -8 -2
right_child=1 3 -4 -5 5 -7 7 -9 -10
leaf_value=0 0 0.0046671442827922183 0 0 0 -0.0051588512656101154 0.0017658626941263991 0 -0.0010692437526586406
leaf_weight=5.047903809696435 14.624225199222563 34.851303339004517 4.2048715949058524 13.67427648603916 1.9224908053874958 41.469217775389552 17.325082890689377 6.5866514742374411 19.377278564497828
leaf_count=31 92 78 19 41 14 565 50 31 137
internal_value=0 0.00195448 -0.003895 0.00364819 -0.00457307 -0.00492475 0 0.000993617 -0.000398038
internal_weight=159.083 106.439 52.6445 48.5256 48.4396 43.3917 57.9132 23.9117 34.0015
internal_count=1058 429 629 119 610 579 310 81 229
is_linear=0
shrinkage=0.0069078


Tree=48
num_leaves=9
num_cat=0
split_feature=4 17 2 4 17 22 6 6
split_gain=11.702 3.87008 2.51481 2.43767 1.44026 0.746983 0.608424 0.909952
threshold=37.500000000000007 43.506041666666668 12.500000000000002 35.500000000000007 24.071428571428573 1.0000000180025095e-35 55.650000000000013 67.65000000000002
decision_type=2 2 2 2 2 2 2 2
left_child=1 2 4 5 -1 6 -3 -8
right_child=-2 3 -4 -5 -6 -7 7 -9
leaf_value=0 0.0035042881103160479 -0.001150075101316926 0 0.0021142787387310323 -0.0030207313453097344 -0.0016897149063956813 0.0018532682517233405 0
leaf_weight=9.0849021151661855 28.50931834988296 4.5818024389445773 14.808765130117534 15.282228015363215 42.459311872720718 6.0130563266575328 6.7599656730890265 26.082054372876883
leaf_count=46 97 56 103 72 412 66 19 190
internal_value=0 -0.000849679 -0.00193191 0 -0.00257363 -0.000376304 0 0.000511529
internal_weight=153.581 125.072 66.353 58.7191 51.5442 43.4369 37.4238 32.842
internal_count=1061 964 561 403 458 331 265 209
is_linear=0
shrinkage=0.0069078


Tree=49
num_leaves=6
num_cat=0
split_feature=5 4 17 5 11
split_gain=25.7745 13.4649 1.91979 1.24819 1.17114
threshold=86.050000000000011 37.500000000000007 24.071428571428573 3.1500000000000008 0.066964285714285712
decision_type=2 2 2 2 2
left_child=1 2 -1 -4 -2
right_child=4 -3 3 -5 -6
leaf_value=0 0.0041049776371742137 0.0017353877816561442 0 -0.0037256009789493065 0
leaf_weight=8.6623811013996583 43.709923066198826 19.577261237427592 2.490685921162366 70.440549813210964 8.3539292067289335
leaf_count=45 110 82 23 768 33
internal_value=0 -0.00189597 -0.00324122 -0.00356823 0.00369247
internal_weight=153.235 101.171 81.5936 72.9312 52.0639
internal_count=1061 918 836 791 143
is_linear=0
shrinkage=0.0069078


Tree=50
num_leaves=6
num_cat=0
split_feature=5 4 2 5 5
split_gain=25.487 11.6705 2.75852 0.964241 0.775227
threshold=94.550000000000011 37.500000000000007 15.500000000000002 86.050000000000011 3.1500000000000008
decision_type=2 2 2 2 2
left_child=1 2 3 4 -1
right_child=-2 -3 -4 -5 -6
leaf_value=0 0.0039271504418913949 0.0015791565822431458 0 0 -0.0035987761019106298
leaf_weight=2.7969889398664227 46.839064575731754 19.740976952016354 6.9990972615778437 3.584276918321847 72.268193317577243
leaf_count=26 118 84 43 20 770
internal_value=0 -0.00175819 -0.00297588 -0.0033261 -0.00347578
internal_weight=152.229 105.39 85.6486 78.6495 75.0652
internal_count=1061 943 859 816 796
is_linear=0
shrinkage=0.0069078


Tree=51
num_leaves=11
num_cat=0
split_feature=18 27 18 2 0 9 18 2 10 10
split_gain=11.7662 6.52917 3.84535 3.04826 1.16831 1.00252 1.00121 0.684424 0.305187 1.03441
threshold=36.500000000000007 1.0000000180025095e-35 33.500000000000007 11.500000000000002 1175.0000000000002 0.039736842105263161 37.500000000000007 3.5000000000000004 0.15759905381431102 0.43123138033763658
decision_type=2 2 2 2 2 2 2 2 2 2
left_child=1 2 4 8 -1 -5 -2 -6 -4 -10
right_child=6 -3 3 5 7 -7 -8 -9 9 -11
leaf_value=0 0 -0.0035659273882500662 0.00013170047932146696 0 0 0.0031134231391169447 0.003537790152136702 -0.0034364394788125312 -0.0014865135576937879 0
leaf_weight=10.270560801029207 18.509817317128181 26.803214464336634 9.7176529299467784 5.8905410096049335 2.9968568533658972 16.986190751194954 28.041514083743095 8.9244680143892747 19.704735912382606 3.3605258483439675
leaf_count=73 116 290 54 42 24 57 97 113 176 19
internal_value=0 -0.00112786 0 0.000957375 -0.00199269 0.00253165 0.00273723 -0.00292715 0 -0.000665546
internal_weight=151.206 104.655 77.8515 55.6596 22.1919 22.8767 46.5513 11.9213 32.7829 23.0653
internal_count=1061 848 558 348 210 99 213 137 249 195
is_linear=0
shrinkage=0.0069078


Tree=52
num_leaves=8
num_cat=0
split_feature=5 5 17 7 5 10 5
split_gain=24.4957 3.6942 1.98828 1.19848 0.944564 0.651879 0.240069
threshold=94.550000000000011 39.750000000000007 24.071428571428573 3.5000000000000004 47.600000000000009 0.43123138033763658 86.050000000000011
decision_type=2 2 2 2 2 2 2
left_child=1 2 -1 -4 -3 -5 -6
right_child=-2 4 3 5 6 -7 -8
leaf_value=0 0.0038714973683137647 0.0011674901571390955 0 -0.0035488190679747768 -0.00095975118669864245 0 0
leaf_weight=7.5131958164274684 46.381575535982847 12.318911630660294 9.8044774215668422 46.276267059147358 20.634287489578131 3.4802568461745969 5.1267929524183264
leaf_count=40 118 53 100 547 145 33 25
internal_value=0 -0.00171929 -0.00259789 -0.00297827 0 -0.00336458 -0.000675818
internal_weight=151.536 105.154 67.0742 59.561 38.08 49.7565 25.7611
internal_count=1061 943 720 680 223 580 170
is_linear=0
shrinkage=0.0069078


Tree=53
num_leaves=6
num_cat=0
split_feature=5 4 5 9 5
split_gain=24.2715 11.3525 2.06496 1.12481 1.32567
threshold=94.550000000000011 37.500000000000007 86.050000000000011 0.17515516611902152 3.7500000000000004
decision_type=2 2 2 2 2
left_child=1 2 3 4 -1
right_child=-2 -3 -4 -5 -6
leaf_value=0 0.0038540412743465944 0.0015794336217811753 0 0 -0.0035419150805662131
leaf_weight=4.6188019700348368 46.219303801655769 19.46155546605587 4.7102964855730525 3.4940405935049048 72.457015261054039
leaf_count=43 118 84 23 29 764
internal_value=0 -0.00172034 -0.00292518 -0.00317891 -0.00333741
internal_weight=150.961 104.742 85.2802 80.5699 77.0758
internal_count=1061 943 859 836 807
is_linear=0
shrinkage=0.0069078


Tree=54
num_leaves=7
num_cat=0
split_feature=5 4 2 10 5 5
split_gain=23.9092 11.1478 2.40174 2.16127 1.19478 0.9948
threshold=94.550000000000011 37.500000000000007 12.500000000000002 0.39231927710843378 86.050000000000011 3.7500000000000004
decision_type=2 2 2 2 2 2
left_child=1 2 3 4 5 -1
right_child=-2 -3 -4 -5 -6 -7
leaf_value=0 0.0038655253602112422 0.0015714257068106018 0 0 0 -0.0042723102134861806
leaf_weight=2.86953505501151 45.991451479494572 19.700775513425469 20.500095000490546 6.6668963041156521 3.5102231726050368 51.253849271684885
leaf_count=24 118 84 175 57 20 583
internal_value=0 -0.00167345 -0.00288057 -0.00348967 -0.00386533 -0.00408323
internal_weight=150.493 104.501 84.8006 64.3005 57.6336 54.1234
internal_count=1061 943 859 684 627 607
is_linear=0
shrinkage=0.0069078


Tree=55
num_leaves=10
num_cat=0
split_feature=18 2 6 2 18 10 10 17 18
split_gain=11.3939 3.50468 2.80266 3.01232 1.77061 2.14158 1.1777 0.974587 0.579499
threshold=36.500000000000007 11.500000000000002 57.500000000000007 3.5000000000000004 33.500000000000007 0.23030303030303029 0.43123138033763658 72.025653594771271 37.500000000000007
decision_type=2 2 2 2 2 2 2 2 2
left_child=1 2 -1 -4 -3 -6 7 -5 -2
right_child=8 4 3 6 5 -7 -8 -9 -10
leaf_value=0 0 -0.0012466717998359622 0 -0.0040119231479874033 0.0022284529424288417 0 0 0 0.0033954141101911958
leaf_weight=9.6226631216704828 17.903423845767975 5.2495941575616589 21.232206868007779 33.762207504361868 24.032861441373829 4.0633458904922 3.4095311779528847 2.5010032542049876 28.158100977540016
leaf_count=56 116 60 169 351 117 44 29 22 97
internal_value=0 -0.00112158 -0.00197123 -0.00251617 0 0.00129383 -0.00346947 -0.00376589 0.00269886
internal_weight=149.935 103.873 70.5276 60.9049 33.3458 28.0962 39.6727 36.2632 46.0615
internal_count=1061 848 627 571 221 161 402 373 213
is_linear=0
shrinkage=0.0069078


Tree=56
num_leaves=7
num_cat=0
split_feature=5 18 2 2 18 5
split_gain=17.0828 7.6823 5.01255 3.76648 0.655788 0.264736
threshold=30.250000000000004 35.500000000000007 3.5000000000000004 6.5000000000000009 33.500000000000007 112.45000000000002
decision_type=2 2 2 2 2 2
left_child=1 2 -1 5 -5 -2
right_child=3 -3 -4 4 -6 -7
leaf_value=0 -0.00062196997178208383 0 -0.005912687833369454 0 0.0028659871197662073 0.00034295071071439214
leaf_weight=8.1849640831351298 17.569329719990495 27.438483227044344 22.145706249400973 6.3590279761701813 56.721293937414885 10.692763812839983
leaf_count=74 132 256 333 40 196 30
internal_value=0 -0.00269564 -0.00465067 0.00181123 0.00265637 0
internal_weight=149.112 57.7692 30.3307 91.3424 63.0803 28.2621
internal_count=1061 663 407 398 236 162
is_linear=0
shrinkage=0.0069078


Tree=57
num_leaves=8
num_cat=0
split_feature=5 4 2 4 5 5 2
split_gain=17.7473 6.70611 4.63894 3.87189 3.21701 0.584186 0.240816
threshold=30.250000000000004 35.500000000000007 3.5000000000000004 36.500000000000007 112.45000000000002 45.350000000000001 3.5000000000000004
decision_type=2 2 2 2 2 2 2
left_child=1 2 -1 4 5 -2 -7
right_child=3 -3 -4 -5 -6 6 -8
leaf_value=0 0 0 -0.0058518032632547583 0.0033449942077069142 0.001893391013868095 0 -0.0017894454747589916
leaf_weight=8.0979497618973273 11.707402907311918 26.867495309561491 21.826310800388455 36.932446788996458 24.903602465987206 5.5809419136494425 13.116708980873225
leaf_count=74 73 256 333 105 73 38 109
internal_value=0 -0.00280118 -0.00463221 0.00180482 0 -0.000895993 -0.00146455
internal_weight=149.033 56.7918 29.9243 92.2411 55.3087 30.4051 18.6977
internal_count=1061 663 407 398 293 220 147
is_linear=0
shrinkage=0.0069078


Tree=58
num_leaves=7
num_cat=0
split_feature=5 18 2 18 5 5
split_gain=17.3989 6.24978 4.50918 4.03619 3.15047 0.549581
threshold=30.250000000000004 35.500000000000007 3.5000000000000004 36.500000000000007 112.45000000000002 45.350000000000001
decision_type=2 2 2 2 2 2
left_child=1 2 -1 4 5 -2
right_child=3 -3 -4 -5 -6 -7
leaf_value=0 0 0 -0.0057837943567038558 0.0033397030200494025 0.0018482935368366511 -0.0014746108148901661
leaf_weight=8.0598975848406571 11.602255020290615 26.757554026320577 21.547709988430142 36.81115173920989 24.977100238204002 18.62172126956284
leaf_count=74 73 256 333 105 73 147
internal_value=0 -0.00279446 -0.00457384 0.00177699 0 -0.000930168
internal_weight=148.377 56.3652 29.6076 92.0122 55.2011 30.224
internal_count=1061 663 407 398 293 220
is_linear=0
shrinkage=0.0069078


Tree=59
num_leaves=8
num_cat=0
split_feature=5 4 2 4 5 5 2
split_gain=17.0275 5.69099 4.57548 4.12703 3.04226 0.515213 0.229711
threshold=30.250000000000004 35.500000000000007 3.5000000000000004 36.500000000000007 112.45000000000002 45.350000000000001 3.5000000000000004
decision_type=2 2 2 2 2 2 2
left_child=1 2 -1 4 5 -2 -7
right_child=3 -3 -4 -5 -6 6 -8
leaf_value=0 0 0 -0.005738790385428961 0.0032928110908633135 0.0017887258006410907 0 -0.0017977937591974777
leaf_weight=7.9983560759574202 11.608298592269422 26.247321574017406 21.352915927767754 36.781593196094036 25.030770793557167 5.632542077451947 13.074641104787586
leaf_count=74 73 256 333 105 73 38 109
internal_value=0 -0.00281429 -0.00451631 0.00172252 0 -0.000956585 -0.00147725
internal_weight=147.726 55.5986 29.3513 92.1278 55.3463 30.3155 18.7072
internal_count=1061 663 407 398 293 220 147
is_linear=0
shrinkage=0.0069078


Tree=60
num_leaves=7
num_cat=0
split_feature=4 6 4 6 6 6
split_gain=14.8892 1.20309 2.98789 2.63835 0.629197 0.268995
threshold=36.500000000000007 108.95000000000002 35.500000000000007 57.500000000000007 122.45000000000002 55.650000000000013
decision_type=2 2 2 2 2 2
left_child=1 2 3 5 -2 -1
right_child=4 -3 -4 -5 -6 -7
leaf_value=-0.00051454040409434009 0.0029048572322933315 0 0 -0.0032203402465996304 0 0.0007622557748911547
leaf_weight=4.242697933688758 45.701749779284 16.291998036205769 19.143294624984264 49.181656330823898 5.7090613953769198 6.9471132755279541
leaf_count=55 197 135 153 471 26 24
internal_value=0 -0.00162889 -0.0019466 -0.00262427 0.00267308 0
internal_weight=147.218 95.8068 79.5148 60.3715 51.4108 11.1898
internal_count=1061 838 703 550 223 79
is_linear=0
shrinkage=0.0069078


Tree=61
num_leaves=7
num_cat=0
split_feature=5 4 2 2 4 5
split_gain=16.7127 5.43006 4.09648 4.09234 0.728714 0.330672
threshold=30.250000000000004 35.500000000000007 6.5000000000000009 3.5000000000000004 33.500000000000007 112.45000000000002
decision_type=2 2 2 2 2 2
left_child=1 3 5 -1 -4 -2
right_child=2 -3 4 -5 -6 -7
leaf_value=0 -0.00075765996199100014 0 0 -0.0056394035128962475 0.0028030566855132733 0.00016771036119138995
leaf_weight=8.0409554671496171 17.451427534222606 26.103449378162622 6.3938383962959042 21.062464265152812 57.570569105446339 10.517935730516909
leaf_count=74 132 256 40 333 196 30
internal_value=0 -0.00280032 0.00170431 -0.00447102 0.00258713 0
internal_weight=147.141 55.2069 91.9338 29.1034 63.9644 27.9694
internal_count=1061 663 398 407 236 162
is_linear=0
shrinkage=0.0069078


Tree=62
num_leaves=7
num_cat=0
split_feature=4 6 4 6 6 6
split_gain=14.3337 1.13885 2.68186 2.54695 0.58404 0.313399
threshold=36.500000000000007 108.95000000000002 35.500000000000007 57.500000000000007 122.45000000000002 55.650000000000013
decision_type=2 2 2 2 2 2
left_child=1 2 3 5 -2 -1
right_child=4 -3 -4 -5 -6 -7
leaf_value=-0.00056923462543910031 0.002848562312510568 0 0 -0.003137279497982883 0 0.00081223365380354005
leaf_weight=4.2729115486145002 45.727484809234738 16.152253415435553 19.004363428801298 48.937984609976411 5.6936687827110282 7.0361843705177307
leaf_count=55 197 135 153 471 26 24
internal_value=0 -0.00159905 -0.00190783 -0.00254631 0.00262487 0
internal_weight=146.825 95.4037 79.2514 60.2471 51.4212 11.3091
internal_count=1061 838 703 550 223 79
is_linear=0
shrinkage=0.0069078


Tree=63
num_leaves=6
num_cat=0
split_feature=4 9 2 9 10
split_gain=14.0539 0.696012 1.5729 0.524981 0.365057
threshold=36.500000000000007 0.12258191867350966 11.500000000000002 0.07669789227166271 0.43123138033763658
decision_type=2 2 2 2 2
left_child=1 2 4 -2 -1
right_child=3 -3 -4 -5 -6
leaf_value=-0.0024145142762276475 0.0028480429031384519 0 0 0 0
leaf_weight=57.222851714119315 44.533624036237597 8.6683511137962324 26.044323099777102 6.9304044116288415 3.195615215227007
leaf_count=521 176 85 201 47 31
internal_value=0 -0.00158207 -0.00175433 0.00260173 -0.00230459
internal_weight=146.595 95.1311 86.4628 51.464 60.4185
internal_count=1061 838 753 223 552
is_linear=0
shrinkage=0.0069078


Tree=64
num_leaves=7
num_cat=0
split_feature=5 4 27 5 17 4
split_gain=18.7164 13.4292 3.58859 2.82891 2.30183 1.44511
threshold=94.550000000000011 36.500000000000007 1.0000000180025095e-35 38.400000000000006 24.071428571428573 38.500000000000007
decision_type=2 2 2 2 2 2
left_child=1 3 -2 4 -1 -3
right_child=2 5 -4 -5 -6 -7
leaf_value=0 0.0045144494605288141 0 0 0 -0.0045097470347398886 0.0027236467969515288
leaf_weight=6.841321997344493 34.093646615743637 26.445429261773825 15.413047529757021 25.04785131663084 39.670018922537565 11.162079185247419
leaf_count=38 78 166 44 174 563 36
internal_value=0.000118883 -0.00125729 0.00347781 -0.00304277 -0.00398231 0.00131863
internal_weight=158.673 109.167 49.5067 71.5592 46.5113 37.6075
internal_count=1099 977 122 775 601 202
is_linear=0
shrinkage=0.0069078


Tree=65
num_leaves=10
num_cat=0
split_feature=9 10 6 6 16 17 6 0 0
split_gain=3.00212 6.33879 1.90851 1.65678 2.32494 1.62476 1.27905 0.533712 0.420948
threshold=0.039736842105263161 0.23875968992248062 69.65000000000002 121.85000000000001 14.500000000000002 29.290909090909096 108.95000000000002 1175.0000000000002 1075.0000000000002
decision_type=2 2 2 2 2 2 2 2 2
left_child=8 2 -2 4 -4 -6 7 -3 -1
right_child=1 6 3 -5 5 -7 -8 -9 -10
leaf_value=0 0 0 0 0 0 0.0034869091662594327 0 -0.0019016616441543961 -0.0011683761150239886
leaf_weight=5.7943720743060103 6.2937722243368617 3.0577235706150558 8.5383305698633176 4.9710563980042926 6.1289484724402419 50.738542916253209 7.8930560089647761 23.004815995693207 42.015655588358641
leaf_count=37 60 21 42 31 47 209 57 245 350
internal_value=0.000111912 0.000894112 0.00207349 0.00240544 0.00268957 0.00313891 -0.000828148 -0.00160526 -0.000934317
internal_weight=158.436 110.626 76.6707 70.3769 65.4058 56.8675 33.9556 26.0625 47.81
internal_count=1099 712 389 329 298 256 323 266 387
is_linear=0
shrinkage=0.0069078


Tree=66
num_leaves=10
num_cat=0
split_feature=5 4 16 5 4 16 2 6 6
split_gain=18.5113 13.1591 2.87442 2.86641 1.7297 1.28155 1.54085 0.683198 1.76012
threshold=94.550000000000011 36.500000000000007 15.500000000000002 38.400000000000006 38.500000000000007 12.500000000000002 15.500000000000002 72.450000000000017 106.25000000000001
decision_type=2 2 2 2 2 2 2 2 2
left_child=1 3 -2 5 7 -1 -7 -3 -9
right_child=2 4 -4 -5 -6 6 -8 8 -10
leaf_value=0 0 0.0011622746558819965 0.0042252207720943286 0 0.002785122103072695 -0.0047812906896634571 0 -0.0023475644997884614 0
leaf_weight=8.4523128978908044 10.70037444680929 7.7671081721782711 38.023447632789612 24.951707251369953 11.596050687134264 34.821936927735806 3.0638317950069895 7.9513552878052023 10.798457469791172
leaf_count=64 31 34 91 174 36 505 32 77 55
internal_value=0.000117896 -0.00123929 0.00348919 -0.00301816 0.00128411 -0.00395972 -0.00445012 0 -0.000594913
internal_weight=158.127 109.403 48.7238 71.2898 38.113 46.3381 37.8858 26.5169 18.7498
internal_count=1099 977 122 775 202 601 537 166 132
is_linear=0
shrinkage=0.0069078


Tree=67
num_leaves=8
num_cat=0
split_feature=4 0 3 17 4 17 17
split_gain=7.68464 3.80201 2.56856 1.17453 1.04879 1.7389 0.495831
threshold=36.500000000000007 1650.0000000000002 55.500000000000007 23.282575757575763 33.500000000000007 37.034401709401713 89.000000000000014
decision_type=2 2 2 2 2 2 2
left_child=2 -2 4 -4 -1 -6 -5
right_child=1 -3 3 6 5 -7 -8
leaf_value=-0.0011658084365532642 0.0040516715991724093 0 0 -0.0026555497388381843 0 0.0015625924369931207 0
leaf_weight=14.621636543422936 20.667994476854801 32.650026429444551 3.9199235439300528 28.411877410486344 22.623976208269596 32.213350916281343 2.4902854226529589
leaf_count=140 75 157 16 298 202 190 21
internal_value=0.000116051 0.00221765 -0.000740084 -0.00205097 0 0.000528309 -0.00245374
internal_weight=157.599 53.318 104.281 34.8221 69.459 54.8373 30.9022
internal_count=1099 232 867 335 532 392 319
is_linear=0
shrinkage=0.0069078


Tree=68
num_leaves=9
num_cat=0
split_feature=24 24 11 16 17 20 17 17
split_gain=1.83753 2.43942 2.47151 0.925512 0.561471 0.377279 0.47022 0.330742
threshold=1.5000000000000002 1.0000000180025095e-35 0.13809523809523808 14.500000000000002 27.350000000000005 3.5000000000000004 44.613461538461543 27.772596153846159
decision_type=2 2 2 2 2 2 2 2
left_child=1 5 3 -3 -5 6 -1 -7
right_child=-2 2 -4 4 -6 7 -8 -9
leaf_value=0 -0.0015190560439184799 0 0 0 0.00253773536281842 0 -0.0012271447991219857 0.00063325744416230906
leaf_weight=25.950429482385516 10.293266430497168 6.8824384957551947 5.0894008316099635 5.6739051826298228 45.36181222088635 8.7772258445620519 17.27086303383112 32.190178809687495
leaf_count=176 95 49 63 45 239 75 152 205
internal_value=0.000117511 0.000538336 0.00149771 0.00204302 0.00232089 0 -0.000574106 0.000123715
internal_weight=157.49 147.196 63.0076 57.9182 51.0357 84.1887 43.2213 40.9674
internal_count=1099 1004 396 333 284 608 328 280
is_linear=0
shrinkage=0.0069078


end of trees

feature_importances:
odds=142
popularity=65
horse_number=56
jockey_win_rate=46
popularity_rank=43
time_seconds=40
race_avg_odds=34
time_weight=29
jockey_top3_rate=28
weight=15
field_size=14
track_combined_encoded=13
distance=8
jockey_track_win_rate=6
track_condition_encoded=6
age=4
day_of_week=3
sex_encoded=3
year=1
month=1
track_type_encoded=1

parameters:
[boosting: gbdt]
[objective: lambdarank]
[metric: ndcg]
[tree_learner: serial]
[device_type: cpu]
[data_sample_strategy: bagging]
[data: ]
[valid: ]
[num_iterations: 69]
[learning_rate: 0.0069078]
[num_leaves: 16]
[num_threads: 0]
[seed: 42]
[deterministic: 0]
[force_col_wise: 0]
[force_row_wise: 0]
[histogram_pool_size: -1]
[max_depth: 8]
[min_data_in_leaf: 22]
[min_sum_hessian_in_leaf: 0.001]
[bagging_fraction: 0.705191]
[pos_bagging_fraction: 1]
[neg_bagging_fraction: 1]
[bagging_freq: 8]
[bagging_seed: 400]
[bagging_by_query: 0]
[feature_fraction: 0.624646]
[feature_fraction_bynode: 1]
[feature_fraction_seed: 30056]
[extra_trees: 0]
[extra_seed: 12879]
[early_stopping_round: 0]
[early_stopping_min_delta: 0]
[first_metric_only: 0]
[max_delta_step: 0]
[lambda_l1: 5.08571]
[lambda_l2: 9.07566]
[linear_lambda: 0]
[min_gain_to_split: 0.228798]
[drop_rate: 0.1]
[max_drop: 50]
[skip_drop: 0.5]
[xgboost_dart_mode: 0]
[uniform_drop: 0]
[drop_seed: 17869]
[top_rate: 0.2]
[other_rate: 0.1]
[min_data_per_group: 100]
[max_cat_threshold: 32]
[cat_l2: 10]
[cat_smooth: 10]
[max_cat_to_onehot: 4]
[top_k: 20]
[monotone_constraints: ]
[monotone_constraints_method: basic]
[monotone_penalty: 0]
[feature_contri: ]
[forcedsplits_filename: ]
[refit_decay_rate: 0.9]
[cegb_tradeoff: 1]
[cegb_penalty_split: 0]
[cegb_penalty_feature_lazy: ]
[cegb_penalty_feature_coupled: ]
[path_smooth: 0]
[interaction_constraints: ]
[verbosity: -1]
[saved_feature_importance_type: 0]
[use_quantized_grad: 0]
[num_grad_quant_bins: 4]
[quant_train_renew_leaf: 0]
[stochastic_rounding: 1]
[linear_tree: 0]
[max_bin: 255]
[max_bin_by_feature: ]
[min_data_in_bin: 3]
[bin_construct_sample_cnt: 200000]
[data_random_seed: 175]
[is_enable_sparse: 1]
[enable_bundle: 1]
[use_missing: 1]
[zero_as_missing: 0]
[feature_pre_filter: 1]
[pre_partition: 0]
[two_round: 0]
[header: 0]
[label_column: ]
[weight_column: ]
[group_column: ]
[ignore_column: ]
[categorical_feature: ]
[forcedbins_filename: ]
[precise_float_parser: 0]
[parser_config_file: ]
[objective_seed: 16083]
[num_class: 1]
[is_unbalance: 0]
[scale_pos_weight: 1]
[sigmoid: 1]
[boost_from_average: 1]
[reg_sqrt: 0]
[alpha: 0.9]
[fair_c: 1]
[poisson_max_delta_step: 0.7]
[tweedie_variance_power: 1.5]
[lambdarank_truncation_level: 30]
[lambdarank_norm: 1]
[label_gain: ]
[lambdarank_position_bias_regularization: 0]
[eval_at: 1,3,5]
[multi_error_top_k: 1]
[auc_mu_weights: ]
[num_machines: 1]
[local_listen_port: 12400]
[time_out: 120]
[machine_list_filename: ]
[machines: ]
[gpu_platform_id: -1]
[gpu_device_id: -1]
[gpu_use_dp: 0]
[num_gpu: 1]

end of parameters

pandas_categorical:[]
