tree
version=v4
num_class=1
num_tree_per_iteration=1
label_index=0
max_feature_idx=28
objective=lambdarank
feature_names=distance venue_code horse_number weight popularity odds time_seconds age year jockey_win_rate jockey_top3_rate jockey_track_win_rate horse_win_rate horse_top3_rate horse_race_count horse_dist_win_rate field_size race_avg_odds popularity_rank month day_of_week track_type_encoded track_condition_encoded weather_encoded sex_encoded distance_category_encoded season_encoded track_combined_encoded time_weight
feature_infos=[1000:2600] [5:8] [1:18] [48:59] [31:57] [1.5:494.69999999999999] [54.200000000000003:170] [2:11] [2016:2024] [0:0.25] [0:0.53594771241830064] [0:1] [0:1] [0:1] [1:4] [0:1] [8:51] [13.8375:97.474999999999994] [31:57] [2:4] [0:6] [0:1] [0:2] [0:2] [0:2] [0:3] [0:3] [0:12] [0.0034568035067264:1]
tree_sizes=693 1086 1491 947 890 1100 984 903 1030 1666 1185 1017 1199 1176 1111 1177 1160 1092 1105 885 1083 1069 1074 813 1133 1106 875 1116 1179 1275 1085 1083 1265 1267 723 926 907 1092 1175 1090 1294 1192 895 1104 1012 1213 1178 1053 1063 1278 1253 1146 996 1088 1451 1315 781 809 886 782 808 717 781 930 942 993 941 828 1028

Tree=0
num_leaves=6
num_cat=0
split_feature=5 4 4 7 5
split_gain=18.7487 4.50538 3.42545 1.59541 1.35315
threshold=26.050000000000004 37.500000000000007 33.500000000000007 3.5000000000000004 14.750000000000002
decision_type=2 2 2 2 2
left_child=1 4 -2 -4 -1
right_child=2 -3 3 -5 -6
leaf_value=-0.0050386522764480704 0 0 0 0.0046084326678263246 0
leaf_weight=19.84023809409701 3.6731095365248647 2.9597685686312607 2.5171651099808541 22.927296586800367 7.7355614777188739
leaf_count=403 86 39 42 332 166
internal_value=0 -0.00338756 0.00339449 0.00418135 -0.00427411
internal_weight=59.6531 30.5356 29.1176 25.4445 27.5758
internal_count=1068 608 460 374 569
is_linear=0
shrinkage=0.0069078


Tree=1
num_leaves=10
num_cat=0
split_feature=5 18 10 5 10 18 5 1 5
split_gain=75.1336 31.2809 4.48976 4.10564 4.04115 1.30023 0.576939 0.503933 0.465024
threshold=76.000000000000014 37.500000000000007 0.33780760626398215 58.650000000000013 0.12074829931972787 38.500000000000007 3.6500000000000008 5.5000000000000009 32.150000000000013
decision_type=2 2 2 2 2 2 2 2 2
left_child=1 2 3 6 -2 -3 -1 -4 -9
right_child=4 5 7 -5 -6 -7 -8 8 -10
leaf_value=0 0 0 -0.0011417876723004059 0 0.0061973290052934537 0.0046185350210972143 -0.0050258629480453973 0 0.0013253007364618257
leaf_weight=3.4025902114808551 8.6976753603667003 9.9806279670447129 8.2248637070879358 12.393327374011276 60.423038395121694 10.692912325263022 97.004560993053019 6.1090995855629426 4.4074952602386475
leaf_count=28 30 50 67 45 136 21 639 47 5
internal_value=0 -0.00262194 -0.00399284 -0.00448912 0.00562751 0.00347692 -0.00492167 0 0.000275978
internal_weight=221.336 152.215 131.542 112.8 69.1207 20.6735 100.407 18.7415 10.5166
internal_count=1068 902 831 712 166 71 667 119 52
is_linear=0
shrinkage=0.0069078


Tree=2
num_leaves=14
num_cat=0
split_feature=4 27 4 2 11 2 4 7 11 2 7 4 2
split_gain=35.3471 18.142 24.5718 12.6952 5.63207 4.27182 3.1751 7.0162 2.73678 2.31877 0.84402 0.657501 0.45893
threshold=37.500000000000007 1.5000000000000002 33.500000000000007 7.5000000000000009 0.066964285714285712 3.5000000000000004 35.500000000000007 4.5000000000000009 0.066964285714285712 10.500000000000002 5.5000000000000009 34.500000000000007 13.500000000000002
decision_type=2 2 2 2 2 2 2 2 2 2 2 2 2
left_child=1 2 5 4 10 -1 7 -5 9 -9 11 -4 -3
right_child=-2 12 3 6 -6 -7 -8 8 -10 -11 -12 -13 -14
leaf_value=0 0.0054968117597530546 -0.0056065047175519458 -0.00127963176727938 -0.0020124033053367635 -0.0035676301854435395 -0.0061746110107559699 0.005248288174675696 0 0 0.0040659110319175139 0.001222883296724406 0 0
leaf_weight=5.6495741158723858 35.526045069098473 29.948405727744102 10.084827478975059 10.016020055860279 14.75379149802029 22.091311991214752 22.98559589125216 6.8113998286426094 5.5548740327358237 22.764312077313662 17.905164830386639 14.542703894898294 3.4542145319283
leaf_count=31 86 193 75 76 78 189 59 38 38 62 52 68 23
internal_value=0 -0.00131644 0 0.00118258 -0.000722326 -0.00517094 0.0031359 0.000714064 0.00253967 0.00327958 3.77558e-05 0 -0.00532554
internal_weight=222.088 186.562 153.16 125.419 57.2865 27.7409 68.1322 45.1466 35.1306 29.5757 42.5327 24.6275 33.4026
internal_count=1068 982 766 546 273 220 273 214 138 100 195 143 216
is_linear=0
shrinkage=0.0069078


Tree=3
num_leaves=8
num_cat=0
split_feature=5 4 5 10 5 9 5
split_gain=104.378 46.0221 8.88154 4.93832 1.14004 0.413116 0.247942
threshold=76.000000000000014 38.500000000000007 27.350000000000005 0.33780760626398215 58.650000000000013 0.051064754454584908 35.150000000000013
decision_type=2 2 2 2 2 2 2
left_child=1 2 -1 4 6 -2 -4
right_child=5 -3 3 -5 -6 -7 -8
leaf_value=-0.0066165741595213242 0.0063490064851122723 0.0050350510164721843 0 0.00088707872452813195 0 0.0002849472164907463 -0.0036998942179203523
leaf_weight=77.3916907440871 68.517377495765686 14.691275611519812 9.9615226276218909 7.9404305517673484 11.280427541583775 14.240696080029009 19.495619358494878
leaf_count=605 126 21 57 22 52 40 145
internal_value=0 -0.00353344 -0.00506298 -0.00133307 -0.00255384 0.00581936 -0.00313739
internal_weight=223.519 140.761 126.07 48.678 40.7376 82.7581 29.4571
internal_count=1068 902 881 276 254 166 202
is_linear=0
shrinkage=0.0069078


Tree=4
num_leaves=8
num_cat=0
split_feature=5 5 6 5 3 7 6
split_gain=94.7551 15.3231 4.03142 3.23386 1.91157 1.51893 1.43687
threshold=76.000000000000014 27.750000000000004 69.950000000000017 35.150000000000013 54.500000000000007 5.5000000000000009 108.65000000000002
decision_type=2 2 2 2 2 2 2
left_child=1 -1 -2 5 -5 -3 -6
right_child=2 3 -4 4 6 -7 -8
leaf_value=-0.0053142188693493068 0 0 0.0062249499943838422 0 -0.0034151175331760589 0.0026078632017112707 0
leaf_weight=77.957175342366099 13.878796983510254 7.0274869948625591 68.012575052678585 17.506331877782941 13.062108419835569 9.8010155372321588 5.0747027657926074
leaf_count=621 50 38 116 91 94 27 31
internal_value=0 -0.00351815 0.00554285 0 -0.00148348 0.00146899 -0.00263978
internal_weight=212.32 130.429 81.8914 52.4716 35.6431 16.8285 18.1368
internal_count=1068 902 166 281 216 65 125
is_linear=0
shrinkage=0.0069078


Tree=5
num_leaves=10
num_cat=0
split_feature=4 9 27 4 10 3 16 16 16
split_gain=26.2799 15.3671 16.4629 17.0089 6.49335 5.55955 5.19495 3.08401 2.79204
threshold=37.500000000000007 0.051064754454584908 1.5000000000000002 33.500000000000007 0.13118961352657002 51.500000000000007 12.500000000000002 43.500000000000007 14.500000000000002
decision_type=2 2 2 2 2 2 2 2 2
left_child=1 2 3 -1 -5 -3 -7 -8 -6
right_child=-2 5 -4 4 8 6 7 -9 -10
leaf_value=-0.0031146881364234576 0.0048336450635088563 0 -0.0041715208847745528 0 0 0 -0.0060477762258073506 0 0.0041909600405405801
leaf_weight=15.18687357008457 35.195956319570541 3.5806912034749976 21.116309456527233 11.286051262170075 8.3241436928510648 9.5983150713145715 35.023655695840716 3.5054497048258773 63.79030935280025
leaf_count=131 86 14 145 68 40 39 316 26 203
internal_value=0 -0.00110317 4.96425e-05 0.00155551 0.00300804 -0.00395881 -0.00461421 -0.00554896 0.00375798
internal_weight=206.608 171.412 119.704 98.5874 83.4005 51.7081 48.1274 38.5291 72.1145
internal_count=1068 982 587 442 311 395 381 342 243
is_linear=0
shrinkage=0.0069078


Tree=6
num_leaves=9
num_cat=0
split_feature=5 5 5 6 2 6 6 2
split_gain=76.2195 17.69 3.42763 2.32042 1.28027 3.10037 1.09967 1.07088
threshold=27.750000000000004 76.000000000000014 35.150000000000013 71.850000000000009 12.500000000000002 108.55000000000001 69.65000000000002 8.5000000000000018
decision_type=2 2 2 2 2 2 2 2
left_child=-1 2 7 6 5 -4 -3 -2
right_child=1 3 4 -5 -6 -7 -8 -9
leaf_value=-0.0051935272564686327 0 0 -0.003340786881708423 0.0060381943859936981 0 0 0.0016174938865091573 0.0027589312970054069
leaf_weight=72.729224203154445 5.897457733750346 7.4342581667006042 15.136922311037781 55.98960554599762 9.6604784466326219 10.240680351853369 15.991022199392317 11.085358094424008
leaf_count=621 35 36 117 95 49 50 35 30
internal_value=0 0.00319074 0 0.00507001 -0.00117784 -0.001884 0.00063506 0.00198194
internal_weight=204.165 131.436 52.0209 79.4149 35.0381 25.3776 23.4253 16.9828
internal_count=1068 447 281 166 216 167 71 65
is_linear=0
shrinkage=0.0069078


Tree=7
num_leaves=8
num_cat=0
split_feature=5 18 5 18 5 2 2
split_gain=73.9801 27.3489 6.22573 2.54153 2.27315 1.57115 0.824667
threshold=76.000000000000014 37.500000000000007 27.750000000000004 38.500000000000007 35.150000000000013 1.5000000000000002 14.500000000000002
decision_type=2 2 2 2 2 2 2
left_child=1 2 -1 -3 -4 -6 -7
right_child=-2 3 4 -5 5 6 -8
leaf_value=-0.0062789498200387771 0.0049752619683875324 0 0 0.0037283717539417479 0 -0.0031221107099230509 0
leaf_weight=61.02723577991128 78.368551298975945 9.8599342368543166 12.342775415629147 10.786128550767897 4.1641394011676338 18.817923592403535 3.6623427346348754
leaf_count=580 166 50 59 21 20 150 22
internal_value=0 -0.00324442 -0.0048023 0.00228231 -0.00101075 -0.00210031 -0.00271464
internal_weight=199.029 120.66 100.014 20.6461 38.9872 26.6444 22.4803
internal_count=1068 902 831 71 251 192 172
is_linear=0
shrinkage=0.0069078


Tree=8
num_leaves=9
num_cat=0
split_feature=5 4 5 6 0 17 4 0
split_gain=69.0464 24.7697 8.01249 3.03227 2.28965 1.89374 1.99177 1.21033
threshold=101.25000000000001 38.500000000000007 28.950000000000003 108.45000000000002 1175.0000000000002 18.424166666666668 37.500000000000007 1900.0000000000002
decision_type=2 2 2 2 2 2 2 2
left_child=1 2 5 4 -4 -1 -7 -5
right_child=-2 -3 3 7 -6 6 -8 -9
leaf_value=0 0.0055185508347172871 0.0032919003895173229 0 0.0016908320047342065 -0.0029191632366086366 -0.0065236653392778694 0 -0.00030154899176958487
leaf_weight=4.2135132849216452 54.48353948444128 12.735951021313666 6.2871218062937251 10.544829331338407 31.021677043288946 56.77700150385499 4.2885753735899916 9.1889410018920881
leaf_count=21 119 25 34 25 192 566 25 60
internal_value=-0.000300133 -0.00309087 -0.00420427 -0.00115196 -0.00223853 -0.00593282 -0.00621298 0
internal_weight=189.541 135.058 122.322 57.0426 37.3088 65.2791 61.0656 19.7338
internal_count=1067 948 923 311 226 612 591 85
is_linear=0
shrinkage=0.0069078


Tree=9
num_leaves=16
num_cat=0
split_feature=18 3 18 6 6 6 2 17 17 7 6 17 6 7 6
split_gain=18.8393 11.47 7.94074 3.12814 10.1597 9.57123 3.55131 2.45653 2.38951 3.09955 1.52132 0.978161 0.961707 0.611976 0.389065
threshold=34.500000000000007 51.500000000000007 37.500000000000007 109.25000000000001 94.550000000000026 121.75000000000001 9.5000000000000018 32.06545454545455 18.424166666666668 7.5000000000000009 72.15000000000002 36.490512820512826 120.25000000000001 5.5000000000000009 69.15000000000002
decision_type=2 2 2 2 2 2 2 2 2 2 2 2 2 2 2
left_child=1 -1 3 4 6 -5 10 -4 -3 12 14 -8 -10 -7 -2
right_child=2 8 7 5 -6 13 11 -9 9 -11 -12 -13 -14 -15 -16
leaf_value=0.00083898721417448828 0 0 0 0.0044243343314570738 -0.0044568277069289217 -0.0019873348147800896 0 0.0048580218721524385 -0.0056042073429330092 0 0 0.0028415954351027799 0 0 -0.0020070920545022298
leaf_weight=9.308327589184044 4.7543148398399415 3.2946192175149909 11.830577947199346 17.882679093629125 17.30784959346056 6.1554474812000972 6.0229954086244133 18.632283173501492 41.753727098926902 3.3200779631733885 6.8224719595164052 17.662882763892412 4.2662060465663663 2.8074464201927185 15.612244512885807
leaf_count=36 16 10 42 54 121 58 44 38 371 17 26 62 31 14 127
internal_value=-0.000257452 -0.00325882 0.00108283 0 -0.000782701 0.00168458 0.000366726 0.0036843 -0.0045696 -0.00490009 -0.000478231 0.00227277 -0.00530493 -0.00130994 -0.00165751
internal_weight=187.434 61.943 125.491 95.0283 68.1828 26.8456 50.8749 30.4629 52.6346 49.34 27.189 23.6859 46.0199 8.96289 20.3666
internal_count=1067 465 602 522 396 126 275 80 429 419 169 106 402 72 143
is_linear=0
shrinkage=0.0069078


Tree=10
num_leaves=11
num_cat=0
split_feature=18 18 9 9 2 7 17 17 17 2
split_gain=19.9053 7.43188 3.18814 3.86375 2.9672 5.89757 2.4219 1.37692 1.0829 0.780305
threshold=34.500000000000007 37.500000000000007 0.051064754454584908 0.041213921901527957 3.5000000000000004 6.5000000000000009 32.06545454545455 23.81309523809524 31.872121212121215 6.5000000000000009
decision_type=2 2 2 2 2 2 2 2 2 2
left_child=4 2 3 9 -1 -6 -3 -4 -5 -2
right_child=1 6 7 8 5 -7 -8 -9 -10 -11
leaf_value=0 -0.0013517017211076964 0 0 0 -0.0050538352312879779 0 0.0048965713053331673 -0.002242068231643515 0.0027747463992899698 0
leaf_weight=14.375839296728371 11.304127313196657 12.222528591752054 3.8374226912856129 5.9352382123470298 37.467332597821951 9.8494114205241186 18.506645724177361 22.020088579505682 29.572645038366318 22.224348366260529
leaf_count=89 83 42 14 34 323 53 38 179 103 109
internal_value=-0.000189466 0.00119118 0 0.000887461 -0.00328948 -0.00401122 0.00370281 -0.00161054 0.00234845 -5.86446e-06
internal_weight=187.316 125.623 94.8939 69.0364 61.6926 47.3167 30.7292 25.8575 35.5079 33.5285
internal_count=1067 602 522 329 465 376 80 193 137 192
is_linear=0
shrinkage=0.0069078


Tree=11
num_leaves=9
num_cat=0
split_feature=4 3 27 4 9 4 9 7
split_gain=18.0844 12.2318 9.00595 16.6594 7.20635 2.10775 1.35162 1.43549
threshold=34.500000000000007 51.500000000000007 1.5000000000000002 38.500000000000007 0.051956815114709808 37.500000000000007 0.13484848484848483 7.5000000000000009
decision_type=2 2 2 2 2 2 2 2
left_child=1 -1 4 5 -2 -4 7 -3
right_child=2 6 3 -5 -6 -7 -8 -9
leaf_value=0.0010582966781307404 0.0038455661086179193 -0.0051522967588478706 -0.0037550703315618779 0.0039079519307881286 0 0 0 0
leaf_weight=9.6826360002160055 54.537031278014183 43.0467300247401 30.505261033773422 13.796937063336371 16.342084284871817 11.05123472958803 4.1104173846542826 3.7732646688818923
leaf_count=36 190 377 233 24 110 45 33 19
internal_value=-0.00014393 -0.00314203 0.00115022 -0.00042974 0.00273221 -0.00300607 -0.00456532 -0.00485064
internal_weight=186.846 60.613 126.233 55.3534 70.8791 41.5565 50.9304 46.82
internal_count=1067 465 602 302 300 278 429 396
is_linear=0
shrinkage=0.0069078


Tree=12
num_leaves=11
num_cat=0
split_feature=5 4 5 4 4 17 28 2 2 6
split_gain=56.7449 23.2374 8.85408 2.57167 1.74388 1.5049 1.49462 2.30427 1.2825 0.422322
threshold=101.25000000000001 37.500000000000007 28.950000000000003 34.500000000000007 38.500000000000007 18.424166666666668 0.99621173576945232 15.500000000000002 7.5000000000000009 119.55000000000001
decision_type=2 2 2 2 2 2 2 2 2 2
left_child=1 2 5 9 -3 -1 7 -7 -5 -4
right_child=-2 4 3 8 -6 6 -8 -9 -10 -11
leaf_value=0 0.0051910998885549937 0 -0.0026728206378123088 -0.00065602930346561844 0.0031665512904675819 -0.006808080748129405 0 0 0.0014256632588881325 0
leaf_weight=3.9758125096559516 53.646165482699871 10.355750147253277 16.128209244459871 14.443161319941284 13.415733158588408 47.54229106195271 4.1163929495960465 3.1042847856879225 16.053802371025085 2.9549781195819369
leaf_count=21 119 47 125 84 25 501 38 27 63 17
internal_value=-9.55071e-05 -0.00268713 -0.00411291 -0.000796256 0.00208145 -0.00591315 -0.0061861 -0.00648842 0 -0.00238299
internal_weight=185.737 132.09 108.319 49.5802 23.7715 58.7388 54.763 50.6466 30.497 19.0832
internal_count=1067 948 876 289 72 587 566 528 147 142
is_linear=0
shrinkage=0.0069078


Tree=13
num_leaves=11
num_cat=0
split_feature=5 4 5 6 2 17 4 6 2 6
split_gain=53.4391 22.9456 8.51132 2.45936 3.57783 1.2874 1.26236 1.24478 1.09128 0.452288
threshold=94.700000000000003 37.500000000000007 28.950000000000003 108.45000000000002 7.5000000000000009 18.424166666666668 38.500000000000007 114.85000000000001 15.500000000000002 69.850000000000009
decision_type=2 2 2 2 2 2 2 2 2 2
left_child=1 2 5 4 -4 -1 -3 -5 -7 -2
right_child=9 6 3 7 -6 8 -8 -9 -10 -11
leaf_value=0 0 0 -0.0037270806737123262 0.0017901554384583255 0 -0.0064000661272740345 0.0030038228549466831 0 0 0.0053276508210876716
leaf_weight=4.0143727660179129 8.727685518562792 9.993900232017042 13.860222995281221 9.459247365593912 15.360712813213466 49.797456303611398 13.314976692199705 8.4099870398640615 3.4301131367683402 47.387653842568398
leaf_count=21 30 46 111 21 93 535 25 58 31 96
internal_value=-4.06814e-05 -0.00266261 -0.00411715 -0.000737204 -0.00196505 -0.00588653 0.00209246 0 -0.00615386 0.00492471
internal_weight=183.756 127.641 104.332 47.0902 29.2209 57.2419 23.3089 17.8692 53.2276 56.1153
internal_count=1067 941 870 283 204 587 71 79 566 126
is_linear=0
shrinkage=0.0069078


Tree=14
num_leaves=10
num_cat=0
split_feature=5 18 5 28 16 18 18 28 2
split_gain=52.3978 21.882 7.20318 2.44215 2.77957 1.41987 1.34746 0.963552 1.80632
threshold=94.700000000000003 37.500000000000007 28.950000000000003 0.0036559440860267503 10.500000000000002 38.500000000000007 36.500000000000007 0.99621173576945232 15.500000000000002
decision_type=2 2 2 2 2 2 2 2 2
left_child=1 2 7 -4 -5 -3 -6 8 -1
right_child=-2 5 3 4 6 -7 -8 -9 -10
leaf_value=-0.0063093602304674264 0.0048777260776246391 0 0.00043868538037988202 0 -0.0029212344842179084 0.0029659916921857404 0 0 0
leaf_weight=49.082862274721265 55.74570244550705 9.933710992336275 5.5402287878096095 3.2357324808835974 31.650902222841978 12.993534654378889 6.1005190834403029 4.1156213171780101 3.1064769998192778
leaf_count=522 126 46 15 5 230 25 33 38 27
internal_value=-4.28699e-05 -0.00266608 -0.00409455 -0.000814535 -0.00173449 0.00198731 -0.00245943 -0.00577834 -0.0060318
internal_weight=181.505 125.76 102.832 46.5274 40.9872 22.9272 37.7514 56.305 52.1893
internal_count=1067 941 870 283 268 71 263 587 549
is_linear=0
shrinkage=0.0069078


Tree=15
num_leaves=11
num_cat=0
split_feature=5 4 5 6 2 17 4 28 2 6
split_gain=48.393 21.8878 7.18156 2.4577 3.01782 1.45904 1.31443 1.22385 2.05193 1.18476
threshold=94.700000000000003 37.500000000000007 28.950000000000003 108.45000000000002 7.5000000000000009 18.424166666666668 38.500000000000007 0.99621173576945232 15.500000000000002 114.85000000000001
decision_type=2 2 2 2 2 2 2 2 2 2
left_child=1 2 5 4 -4 -1 -3 8 -7 -5
right_child=-2 6 3 9 -6 7 -8 -9 -10 -11
leaf_value=0 0.0047179962405409148 0 -0.0036196707610773697 0.0017599859310776279 0 -0.0066094795950754738 0.0030004393335112444 0 0 0
leaf_weight=4.0231574252247801 54.62713135778904 10.05192267149687 13.258798986673357 9.1755075827240962 15.228844590485094 44.431786954402924 12.994295924901961 4.1885216496884814 3.1689240559935561 8.3647454828023893
leaf_count=21 126 46 111 21 93 501 25 38 27 58
internal_value=-5.27487e-05 -0.00258005 -0.00402869 -0.000754234 -0.00198912 -0.00570451 0.00205738 -0.00598634 -0.0062861 0
internal_weight=179.514 124.887 101.84 46.0279 28.4876 55.8124 23.0462 51.7892 47.6007 17.5403
internal_count=1067 941 870 283 204 587 71 566 528 79
is_linear=0
shrinkage=0.0069078


Tree=16
num_leaves=11
num_cat=0
split_feature=4 6 10 6 2 28 10 28 11 6
split_gain=30.8372 5.56272 4.0246 3.77081 4.44336 3.03898 2.1988 1.79177 1.09628 0.233675
threshold=35.500000000000007 119.95000000000002 0.13118961352657002 57.500000000000007 15.500000000000002 0.006932307399628951 0.39231927710843378 0.0038775825059219004 1.0000000180025095e-35 55.650000000000013
decision_type=2 2 2 2 2 2 2 2 2 2
left_child=1 3 -2 9 6 -4 7 -5 -7 -1
right_child=2 -3 5 4 -6 8 -8 -9 -10 -11
leaf_value=-0.00042178199484712892 0 0 0 0 0 0 0 -0.0053506045657972763 0.0040994188755156006 0.00076721515975782266
leaf_weight=4.1691223680973035 11.287583272904156 12.105249635875223 4.9169352054595938 6.820651549845933 6.477592770010232 11.906396064907311 6.3049102500081053 46.082129528746009 58.139480788260698 5.8646874986588955
leaf_count=42 65 72 28 47 38 60 43 403 224 23
internal_value=0 -0.00274715 0.00278655 -0.0034285 -0.00396724 0.00333062 -0.00450967 -0.00490906 0.00368988 0
internal_weight=174.075 87.8243 86.2504 75.7191 65.6853 74.9628 59.2077 52.9028 70.0459 10.0338
internal_count=1045 668 377 596 531 312 493 450 284 65
is_linear=0
shrinkage=0.0069078


Tree=17
num_leaves=10
num_cat=0
split_feature=5 4 4 3 11 4 5 28 28
split_gain=34.1574 16.5948 11.8261 3.93363 4.44948 1.90692 1.25444 1.0254 0.99665
threshold=27.750000000000004 35.500000000000007 34.500000000000007 51.500000000000007 0.2264957264957265 38.500000000000007 77.100000000000009 0.1734681444098822 0.0038775825059219004
decision_type=2 2 2 2 2 2 2 2 2
left_child=1 3 6 -1 -5 7 8 -3 -2
right_child=2 5 -4 4 -6 -7 -8 -9 -10
leaf_value=0 0 -0.0016071457281261962 0.0038162029650356251 -0.0075031813357188098 0 0.0020453079706283473 0 0 -0.0022667912252716505
leaf_weight=2.2310939170420161 2.7985077314078799 18.627533700317148 73.815090768039227 29.604405557736754 2.9882279988378277 7.2675509601831427 18.453111782670021 6.1435645744204512 12.091369163244961
leaf_count=16 14 161 243 353 24 14 68 39 113
internal_value=0 -0.00360284 0.00235421 -0.00636334 -0.00686767 0 -0.000178178 -0.000817598 -0.00159809
internal_weight=174.02 66.8624 107.158 34.8237 32.5926 32.0386 33.343 24.7711 14.8899
internal_count=1045 607 438 393 377 214 195 200 127
is_linear=0
shrinkage=0.0069078


Tree=18
num_leaves=10
num_cat=0
split_feature=4 5 5 9 2 28 9 28 28
split_gain=31.5756 28.5531 7.59312 6.50951 3.88062 2.48167 1.72304 1.69841 0.995532
threshold=35.500000000000007 77.100000000000009 8.1500000000000004 0.021482277121374852 5.5000000000000009 0.014240664059827502 0.17515516611902152 0.99905158556052898 0.0036628919652869503
decision_type=2 2 2 2 2 2 2 2 2
left_child=1 6 -2 -4 -3 -5 7 8 -1
right_child=2 4 3 5 -6 -7 -8 -9 -10
leaf_value=0 -0.00013946305638601566 -2.696136793323845e-05 0 0 0.0028421322339716695 0.0051743975567216912 0 0 -0.0065292882394692659
leaf_weight=4.3163960687816134 10.885252885520456 9.0078826546668989 13.878801520913838 11.424293141812084 23.528735596686602 49.191115397959948 3.2692978382110587 3.5554956123232833 43.295929184183478
leaf_count=36 87 41 73 59 63 158 26 28 474
internal_value=0 -0.00277124 0.00285347 0.00367883 0.00137093 0.0045482 -0.00564223 -0.00590992 -0.00620866
internal_weight=172.353 86.9737 85.3795 74.4942 32.5366 60.6154 54.4371 51.1678 47.6123
internal_count=1045 668 377 290 104 217 564 538 510
is_linear=0
shrinkage=0.0069078


Tree=19
num_leaves=8
num_cat=0
split_feature=4 7 28 11 10 2 2
split_gain=29.2974 8.85302 5.51418 4.44334 3.94774 1.74501 0.50591
threshold=35.500000000000007 6.5000000000000009 0.99621173576945232 1.0000000180025095e-35 0.11437908496732026 13.500000000000002 7.5000000000000009
decision_type=2 2 2 2 2 2 2
left_child=1 2 5 -2 -5 -1 -3
right_child=3 6 -4 4 -6 -7 -8
leaf_value=-0.0050988307760462103 0 0 0 0 0.003902404659254287 0 0.001125995457719037
leaf_weight=46.966596370562911 16.39860112965107 6.3584216088056591 8.4116994477808458 5.2593863308429709 63.795045085251331 13.391574077308176 10.379051107913254
leaf_count=428 91 42 57 35 251 96 45
internal_value=0 -0.00269837 -0.00377713 0.00273931 0.00343403 -0.00444799 0.000142625
internal_weight=170.96 85.5073 68.7699 85.453 69.0544 60.3582 16.7375
internal_count=1045 668 581 377 286 524 87
is_linear=0
shrinkage=0.0069078


Tree=20
num_leaves=10
num_cat=0
split_feature=5 5 6 2 28 9 10 28 5
split_gain=29.368 8.73102 6.15875 5.45459 4.01054 2.88104 1.68526 1.14559 0.38246
threshold=93.950000000000017 21.450000000000003 109.35000000000001 7.5000000000000009 0.1734681444098822 0.029513888888888853 0.16987179487179482 0.45623141437400588 35.150000000000013
decision_type=2 2 2 2 2 2 2 2 2
left_child=1 2 -1 7 6 -2 -5 -3 -8
right_child=5 3 -4 4 -6 -7 8 -9 -10
leaf_value=-0.0047892371114031012 0 -0.0027397641886208303 0 0 -0.00036767896282669465 0.0049296285153493701 0.0040307757888426183 0 0
leaf_weight=40.236716601997614 11.866892874240873 19.614750396460298 15.809264771640299 7.8920490927994242 7.3619994595646849 36.942215912044048 14.768837027251722 5.1337666548788539 12.228643603622912
leaf_count=405 34 151 127 47 61 78 44 35 63
internal_value=0 -0.00178414 -0.00358549 0 0.00139292 0.00411634 0.0025627 -0.00217965 0.00319899
internal_weight=171.855 123.046 56.046 67 42.2515 48.8091 34.8895 24.7485 26.9975
internal_count=1045 933 532 401 215 112 154 186 107
is_linear=0
shrinkage=0.0069078


Tree=21
num_leaves=10
num_cat=0
split_feature=18 7 6 9 28 11 9 28 2
split_gain=28.6335 8.13365 8.80061 6.65311 6.18638 4.01998 2.78011 0.689405 0.656037
threshold=35.500000000000007 6.5000000000000009 109.05000000000001 1.0000000180025095e-35 0.99905158556052898 1.0000000180025095e-35 0.056438791732909353 0.0037701353311524002 7.5000000000000009
decision_type=2 2 2 2 2 2 2 2 2
left_child=1 2 4 -2 7 -5 -7 -1 -3
right_child=3 8 -4 5 -6 6 -8 -9 -10
leaf_value=0 0 0 0 0 0 0.0050389492406343024 0 -0.0060231804952964848 0.0012572478504486546
leaf_weight=4.1107329316437236 13.059828419238327 5.8250603638589409 18.521257923915982 12.100348860025404 5.1118985544890156 43.674196105450392 16.548808537423611 40.679928049445152 10.730583576485513
leaf_count=32 85 42 135 63 32 135 94 382 45
internal_value=0 -0.00266681 -0.00369312 0.00271722 -0.00500426 0.00353101 0.00417291 -0.0057358 1.00079e-05
internal_weight=170.363 84.9795 68.4238 85.3832 49.9026 72.3234 60.223 44.7907 16.5556
internal_count=1045 668 581 377 446 292 229 414 87
is_linear=0
shrinkage=0.0069078


Tree=22
num_leaves=10
num_cat=0
split_feature=4 5 9 5 6 11 9 9 24
split_gain=29.6183 29.9352 6.74374 5.98365 2.19296 1.70693 1.30663 1.05274 0.396569
threshold=35.500000000000007 93.950000000000017 1.0000000180025095e-35 8.1500000000000004 57.500000000000007 0.054093567251461951 0.17515516611902152 0.056438791732909353 1.0000000180025095e-35
decision_type=2 2 2 2 2 2 2 2 2
left_child=1 4 8 -4 -1 -5 -6 -7 -2
right_child=2 -3 3 5 6 7 -8 -9 -10
leaf_value=0 -0.0011219159499779217 0.0021603347346482306 0 0 -0.0060393749739594237 0.0054998934900618969 0 0 0
leaf_weight=6.7519511599093667 5.9584394320845586 26.064322538673878 8.7880994342267496 10.857758808881043 48.556963222101331 39.906845543533564 3.2140315361320964 13.780430220067499 6.5742728710174561
leaf_count=56 53 71 67 49 515 104 26 72 32
internal_value=0 -0.00267589 0.00279683 0.00359398 -0.00535036 0.00428217 -0.00578988 0.00477566 0
internal_weight=170.453 84.5873 85.8658 73.3331 58.5229 64.545 51.771 53.6873 12.5327
internal_count=1045 668 377 292 597 225 541 176 85
is_linear=0
shrinkage=0.0069078


Tree=23
num_leaves=7
num_cat=0
split_feature=4 11 28 8 28 28
split_gain=29.7599 3.54598 2.58977 1.53251 0.316777 0.262869
threshold=35.500000000000007 1.0000000180025095e-35 0.99621173576945232 2019.5000000000002 0.029234641525287302 0.0071352737949787514
decision_type=2 2 2 2 2 2
left_child=2 -2 -1 4 5 -3
right_child=1 3 -4 -5 -6 -7
leaf_value=-0.0030592136083085809 0 0 0 0.0046215259996673017 0 0.001105716417933979
leaf_weight=75.169532336294651 16.295151773840189 5.0633458867669132 8.8723555970936996 37.154613982886076 5.2807459123432627 21.845759510993958
leaf_count=603 91 31 65 123 34 98
internal_value=0 0.00282375 -0.00267207 0.00343339 0.000495838 0.000837854
internal_weight=169.682 85.6396 84.0419 69.3445 32.1899 26.9091
internal_count=1045 377 668 286 163 129
is_linear=0
shrinkage=0.0069078


Tree=24
num_leaves=10
num_cat=0
split_feature=4 21 4 3 7 7 7 2 9
split_gain=21.7046 12.4105 6.95685 4.91596 5.45832 3.12952 2.76049 0.374268 0.572057
threshold=35.500000000000007 1.0000000180025095e-35 38.500000000000007 51.500000000000007 5.5000000000000009 3.5000000000000004 6.5000000000000009 10.500000000000002 0.032291666666666656
decision_type=2 2 2 2 2 2 2 2 2
left_child=3 5 6 -1 -5 -2 -3 8 -6
right_child=1 2 -4 4 7 -7 -8 -9 -10
leaf_value=9.386552407235475e-05 0 -0.0029999378157644389 0.0030505767769173284 -0.0042893509968070283 0 0.0053710455272180041 0 8.330580911603096e-05 -0.0015342347587004356
leaf_weight=9.1632207967340928 9.5092575475573522 22.082614254206423 10.618745878338812 40.174491699784994 9.1307415496557969 38.331841308623552 7.9475854486227027 14.675132531672714 10.038194376975296
leaf_count=40 57 175 19 413 49 114 34 79 81
internal_value=9.53596e-05 0.00253319 0 -0.00211132 -0.00278754 0.00462652 -0.00194993 0 -0.000791498
internal_weight=171.672 88.49 40.6489 83.1818 74.0186 47.8411 30.0302 33.8441 19.1689
internal_count=1061 399 228 662 622 171 209 209 130
is_linear=0
shrinkage=0.0069078


Tree=25
num_leaves=10
num_cat=0
split_feature=9 16 9 16 16 2 16 2 13
split_gain=9.07918 11.9953 4.62343 2.24545 2.48092 1.36662 0.968185 1.01428 0.655317
threshold=0.051956815114709808 15.500000000000002 0.03608470181503886 15.500000000000002 43.500000000000007 13.500000000000002 21.000000000000004 10.500000000000002 0.58333333333333337
decision_type=2 2 2 2 2 2 2 2 2
left_child=1 5 6 -2 8 -1 -3 -8 -5
right_child=3 2 -4 4 -6 -7 7 -9 -10
leaf_value=-0.0018606372352641249 0 0.0012981835271497922 0.0039687250523152504 -0.0039596720683349046 0 0 -0.0014758183009920306 0 0
leaf_weight=30.617176167666912 18.741873202845454 17.641114126890898 50.653545321896672 21.189248839393265 3.0689724422991267 6.8623207807540885 13.684848301112654 7.0579900611191979 2.6379463970661154
leaf_count=198 108 89 220 224 25 24 112 43 18
internal_value=0.000156876 0.00127371 0.00270926 -0.00199481 -0.0030052 -0.00124536 0 -0.000198452 -0.00367036
internal_weight=172.155 126.517 89.0375 45.638 26.8962 37.4795 38.384 20.7428 23.8272
internal_count=1061 686 464 375 267 222 244 155 242
is_linear=0
shrinkage=0.0069078


Tree=26
num_leaves=8
num_cat=0
split_feature=5 9 16 6 6 11 5
split_gain=42.2372 5.57916 5.69378 2.86416 1.36991 0.921442 0.930752
threshold=29.700000000000006 0.051956815114709808 15.500000000000002 69.65000000000002 121.30000000000003 0.2264957264957265 27.750000000000004
decision_type=2 2 2 2 2 2 2
left_child=4 2 -2 -4 5 6 -1
right_child=1 -3 3 -5 -6 -7 -8
leaf_value=-0.0044499739977017115 0 0 0 0.0050802882876348886 0 0 0
leaf_weight=51.421149089932442 22.431237241253257 21.124136619269848 9.5024283863604051 54.839253481477499 7.4439125675708047 2.9960334524512282 2.2555942460894576
leaf_count=526 89 121 52 166 63 29 15
internal_value=0.000144255 0.0028871 0.0035986 0.00453952 -0.00377715 -0.00410808 -0.00428751
internal_weight=172.014 107.897 86.7729 64.3417 64.1167 56.6728 53.6767
internal_count=1061 428 307 218 633 570 541
is_linear=0
shrinkage=0.0069078


Tree=27
num_leaves=10
num_cat=0
split_feature=18 2 3 7 20 18 7 2 2
split_gain=19.8406 7.22238 4.52197 4.68835 2.61072 1.83856 3.08529 0.780184 0.375889
threshold=35.500000000000007 7.5000000000000009 52.500000000000007 5.5000000000000009 1.0000000180025095e-35 38.500000000000007 5.5000000000000009 15.500000000000002 10.500000000000002
decision_type=2 2 2 2 2 2 2 2 2
left_child=2 5 -1 7 -3 6 -2 -4 -5
right_child=1 4 3 8 -6 -7 -8 -9 -10
leaf_value=0 -0.0027682321865546721 0 -0.0044417165971069889 -0.00081819642433755434 0.0042696610729728206 0.0019008407334267158 0 0 9.798493995878213e-05
leaf_weight=15.117358190938829 14.397444993257524 5.6937502995133391 32.636668311432004 17.383417885750536 49.865661956369877 6.1678947657346717 12.098751001060007 3.4029711224138728 14.219382014125584
leaf_count=88 116 29 352 121 182 13 59 28 73
internal_value=0.000162388 0.00249417 -0.00194163 -0.00270655 0.00383363 0 -0.00095811 -0.00417319 0
internal_weight=170.983 88.2235 82.7598 67.6424 55.5594 32.6641 26.4962 36.0396 31.6028
internal_count=1061 399 662 574 211 188 175 380 194
is_linear=0
shrinkage=0.0069078


Tree=28
num_leaves=11
num_cat=0
split_feature=5 4 4 16 2 2 28 11 5 6
split_gain=42.4648 14.9234 7.30741 4.02426 3.89552 3.79399 2.60425 2.56237 0.751234 0.382526
threshold=29.700000000000006 38.500000000000007 33.500000000000007 13.500000000000002 14.500000000000002 6.5000000000000009 0.99621173576945232 0.2264957264957265 129.15000000000001 71.450000000000017
decision_type=2 2 2 2 2 2 2 2 2 2
left_child=1 4 8 -4 6 9 7 -1 -2 -5
right_child=2 -3 3 5 -6 -7 -8 -9 -10 -11
leaf_value=-0.0064865734512185164 -0.0015311630378109869 0.0015986513773277027 0 0 0 0.0047462886549822303 0 0 0 0.00082637788171244372
leaf_weight=42.333105158060789 6.326230298727749 6.6004631891846648 8.715941568836568 5.2752217240631607 7.5325172841548911 66.095491923391819 3.4008331354707471 2.8159428033977738 4.4944554045796394 17.653411116451025
leaf_count=493 58 15 37 42 64 200 35 26 15 76
internal_value=0.000151868 -0.00384083 0.00287435 0.0035158 -0.00515369 0.00392639 -0.00576698 -0.0061348 -0.000114744 0
internal_weight=171.244 62.6829 108.561 97.7401 56.0824 89.0241 48.5499 45.149 10.8207 22.9286
internal_count=1061 633 428 355 618 318 554 519 73 118
is_linear=0
shrinkage=0.0069078


Tree=29
num_leaves=12
num_cat=0
split_feature=5 4 4 2 5 11 5 2 6 4 6
split_gain=40.2626 14.4551 7.01737 4.01237 2.85471 1.9048 0.555159 0.676302 0.420934 0.392798 0.51395
threshold=29.700000000000006 38.500000000000007 35.500000000000007 14.500000000000002 77.100000000000009 0.2264957264957265 32.650000000000013 14.500000000000002 67.250000000000014 33.500000000000007 70.550000000000011
decision_type=2 2 2 2 2 2 2 2 2 2 2
left_child=1 3 4 5 6 8 -2 -8 -1 -6 -11
right_child=2 -3 -4 -5 9 -7 7 -9 -10 10 -12
leaf_value=0 0 0.0015408661101231392 0.0043603497056001065 0 0 0 -0.0019635639975870392 0 -0.0061824211508468407 0 0.002412750015691557
leaf_weight=2.5243823304772368 2.6266105324029949 6.6817653700709334 57.256155833601952 7.6031015794724217 7.4662742279469958 2.8248232267796984 13.143150469288228 2.5977994911372653 42.042742747813463 7.9006896913051632 17.216626308858395
leaf_count=29 12 15 168 64 35 28 121 17 497 33 42
internal_value=0.000160291 -0.00375775 0.00281104 -0.00507691 8.87272e-05 -0.00571281 -0.000990127 -0.00146683 -0.0060041 0.00162339 0.00193882
internal_weight=169.884 61.6768 108.207 54.995 50.9512 47.3919 18.3676 15.7409 44.5671 32.5836 25.1173
internal_count=1061 633 428 618 260 554 150 138 526 110 75
is_linear=0
shrinkage=0.0069078


Tree=30
num_leaves=10
num_cat=0
split_feature=5 4 4 17 17 28 5 6 5
split_gain=40.267 12.7032 6.91223 4.85863 1.42365 1.29695 1.44058 1.23215 0.674506
threshold=29.700000000000006 37.500000000000007 33.500000000000007 28.498051948051952 18.424166666666668 0.99621173576945232 27.750000000000004 69.65000000000002 129.15000000000001
decision_type=2 2 2 2 2 2 2 2 2
left_child=1 4 8 -4 -1 6 -6 -5 -2
right_child=2 -3 3 7 5 -7 -8 -9 -10
leaf_value=0 -0.0014543343551041651 0.00056825116843058315 0 0 -0.0059883314686344884 0 0 0.0042428373323565262 0
leaf_weight=2.9783304631710044 6.2048952206969243 9.5030598193407041 13.290771480649708 8.5277860872447473 41.266573527827859 3.8088062684983006 2.4276066906750193 76.504777593538165 4.4723390936851501
leaf_count=15 58 38 60 47 522 40 18 248 15
internal_value=0.000173273 -0.00381771 0.00279172 0.00341151 -0.00519402 -0.00544046 -0.00573653 0.00396808 -8.23162e-05
internal_weight=168.985 59.9844 109.001 98.3233 50.4813 47.503 43.6942 85.0326 10.6772
internal_count=1061 633 428 355 595 580 540 295 73
is_linear=0
shrinkage=0.0069078


Tree=31
num_leaves=10
num_cat=0
split_feature=5 4 4 9 16 3 11 5 5
split_gain=38.4951 12.9604 6.80482 5.78629 6.43712 1.17964 1.14397 1.14162 0.653128
threshold=29.700000000000006 37.500000000000007 33.500000000000007 0.051956815114709808 15.500000000000002 51.500000000000007 0.2264957264957265 27.750000000000004 129.15000000000001
decision_type=2 2 2 2 2 2 2 2 2
left_child=1 5 8 4 -4 -1 7 -7 -2
right_child=2 -3 3 -5 -6 6 -8 -9 -10
leaf_value=0 -0.001432136851215115 0.00067839988888491022 0 0 0.0051922003147178691 -0.005796614347394446 0 0 0
leaf_weight=2.0512294359505168 6.207287881523369 9.5726744756102544 22.338128890842199 18.303306736052036 57.557209696620703 42.405188657343388 2.9498608801513901 2.2611216790974131 4.4601095467805862
leaf_count=19 58 38 85 99 171 529 31 16 15
internal_value=0.000187514 -0.00373806 0.00274477 0.00336277 0.0040912 -0.00516061 -0.00534682 -0.00558331 -9.5423e-05
internal_weight=168.106 59.2401 108.866 98.1986 79.8953 49.6674 47.6162 44.6663 10.6674
internal_count=1061 633 428 355 256 595 576 545 73
is_linear=0
shrinkage=0.0069078


Tree=32
num_leaves=12
num_cat=0
split_feature=5 4 4 6 5 17 2 5 6 6 2
split_gain=29.3252 12.8115 7.30349 2.36777 2.0943 1.82117 0.418814 0.325913 0.307057 0.353158 0.250656
threshold=27.750000000000004 35.500000000000007 34.500000000000007 56.150000000000013 77.100000000000009 28.63526785714286 7.5000000000000009 32.150000000000013 106.35000000000001 82.050000000000011 5.5000000000000009
decision_type=2 2 2 2 2 2 2 2 2 2 2
left_child=1 3 4 -1 7 -4 -6 -2 9 -3 -7
right_child=2 8 5 -5 6 10 -8 -9 -10 -11 -12
leaf_value=0 0 0 0 -0.0068743505581023807 0 0 0.0011578874379832417 -0.0024394081531670928 0.00043017076115626617 -0.0014310005023309234 0.0039332512391391742
leaf_weight=2.8246957436203983 2.5543724447488811 11.706700600683694 12.880112547427414 25.688831128180027 7.8377940580248859 14.686134040355681 10.223194289952515 9.3419365622103197 12.668763371184466 4.3439745567739001 50.920323345810175
leaf_count=28 17 96 52 368 37 68 34 98 73 49 141
internal_value=0 -0.00372189 0.00202267 -0.00637964 0 0.0030775 0.000465854 -0.00211763 0 -0.00065038 0.00350258
internal_weight=165.677 57.233 108.444 28.5135 29.9573 78.4866 18.061 11.8963 28.7194 16.0507 65.6065
internal_count=1061 614 447 396 186 261 71 115 218 145 209
is_linear=0
shrinkage=0.0069078


Tree=33
num_leaves=12
num_cat=0
split_feature=5 4 4 3 5 2 2 4 6 6 5
split_gain=27.7656 12.2598 6.9039 5.46762 2.17321 0.539513 0.382652 0.270066 0.728051 0.48102 0.259171
threshold=27.750000000000004 35.500000000000007 34.500000000000007 50.500000000000007 77.100000000000009 5.5000000000000009 7.5000000000000009 38.500000000000007 108.35000000000001 70.550000000000011 32.150000000000013
decision_type=2 2 2 2 2 2 2 2 2 2 2
left_child=1 3 4 -1 10 -4 -6 8 9 -3 -2
right_child=2 7 5 -5 6 -7 -8 -9 -10 -11 -12
leaf_value=0 0 0 0 -0.0069635702726147698 0 0.0033939804250018696 0.0011318527112916942 0.00058350359313831524 0 -0.0017522064053628493 -0.0024424280364575223
leaf_weight=1.469682771712544 2.5380718708038357 3.0614127293229165 18.270010516047478 26.573409914970398 7.7916641347110298 60.142765298485756 10.085054244846104 5.5903339311480513 7.6042096689343444 12.28681657463312 9.3270633630454522
leaf_count=6 17 23 85 390 37 176 34 16 54 125 98
internal_value=0 -0.00366662 0.00194207 -0.00628828 0 0.00296974 0.000482985 0 -0.000496444 -0.00132121 -0.00215682
internal_weight=164.74 56.5859 108.155 28.0431 29.7419 78.4128 17.8767 28.5428 22.9524 15.3482 11.8651
internal_count=1061 614 447 396 186 261 71 218 202 148 115
is_linear=0
shrinkage=0.0069078


Tree=34
num_leaves=6
num_cat=0
split_feature=4 17 2 2 4
split_gain=22.0129 5.2049 2.9897 1.9118 0.347945
threshold=35.500000000000007 28.63526785714286 13.500000000000002 6.5000000000000009 38.500000000000007
decision_type=2 2 2 2 2
left_child=2 4 -1 -3 -2
right_child=1 3 -4 -5 -6
leaf_value=-0.0031946862238659405 -0.00082013725478071321 0 0 0.0038524971599639664 4.154957882960088e-05
leaf_weight=62.311450006440282 15.571084946393968 19.924828968942165 15.55630975961685 45.10157523676753 5.4739111363887778
leaf_count=561 111 109 106 160 14
internal_value=0 0.00220948 -0.00259597 0.0031016 0
internal_weight=163.939 86.0714 77.8678 65.0264 21.045
internal_count=1061 394 667 269 125
is_linear=0
shrinkage=0.0069078


Tree=35
num_leaves=8
num_cat=0
split_feature=4 17 10 9 4 10 4
split_gain=21.3025 5.04438 2.94672 1.27255 1.10562 1.31829 0.326416
threshold=35.500000000000007 28.63526785714286 0.22401433691756273 1.0000000180025095e-35 34.500000000000007 0.19345238095238093 38.500000000000007
decision_type=2 2 2 2 2 2 2
left_child=2 6 4 -3 5 -1 -2
right_child=1 3 -4 -5 -6 -7 -8
leaf_value=-0.0022066747753637238 -0.00079459323482745849 0 -0.004655811840056109 0.0035476249004513507 0 0 2.042707224847494e-05
leaf_weight=19.771985435858369 15.584325321018698 14.25577876716852 22.480106031522155 50.493719525635242 22.646709192544222 12.732591612264512 5.4692563265562049
leaf_count=176 111 71 282 198 125 84 14
internal_value=0 0.00217368 -0.00255994 0.00305496 -0.000621489 -0.00136581 0
internal_weight=163.434 85.8031 77.6314 64.7495 55.1513 32.5046 21.0536
internal_count=1061 394 667 269 385 260 125
is_linear=0
shrinkage=0.0069078


Tree=36
num_leaves=8
num_cat=0
split_feature=5 4 4 5 5 17 2
split_gain=25.5148 11.4947 6.79585 2.82856 2.20206 1.99856 0.242759
threshold=27.750000000000004 35.500000000000007 34.500000000000007 22.650000000000002 77.100000000000009 28.63526785714286 7.5000000000000009
decision_type=2 2 2 2 2 2 2
left_child=1 3 4 -1 -2 -4 -6
right_child=2 -3 5 -5 6 -7 -8
leaf_value=-0.0068116739504044278 -0.0021983547404497536 0 0 0 0 0.0033286442660919418 0.00090884565822629837
leaf_weight=23.320087635889653 11.791535470634701 28.222766557708383 13.011407393962143 4.0499634034931651 7.6732528284192112 64.707397822290659 10.070940885692833
leaf_count=360 115 218 52 36 37 209 34
internal_value=0 -0.00356015 0.00184934 -0.00612695 -2.32418e-06 0.00288446 0.000397195
internal_weight=162.847 55.5928 107.255 27.3701 29.5357 77.7188 17.7442
internal_count=1061 614 447 396 186 261 71
is_linear=0
shrinkage=0.0069078


Tree=37
num_leaves=10
num_cat=0
split_feature=5 4 5 2 3 5 4 4 4
split_gain=23.7628 10.8334 6.78088 6.02994 5.30836 4.66594 3.83959 1.27159 0.244066
threshold=27.750000000000004 35.500000000000007 93.950000000000017 7.5000000000000009 50.500000000000007 47.250000000000007 35.500000000000007 36.500000000000007 38.500000000000007
decision_type=2 2 2 2 2 2 2 2 2
left_child=1 4 3 7 -1 6 -5 -2 -3
right_child=2 8 -4 5 -6 -7 -8 -9 -10
leaf_value=0 -0.0029393992395178089 -0.00048133165417949176 0.0034943209490733802 0 -0.0067072093868483307 0 0.0045248001866355038 0 0.00054350847272640419
leaf_weight=1.4868813902139688 15.979475177824499 22.521659459918741 47.226185914129019 6.2210256457328823 25.162594607099891 14.563672006130217 17.19199338555336 6.1422592028975478 5.5682107955217353
leaf_count=6 128 202 121 49 390 82 41 26 16
internal_value=0 -0.00347366 0.00176811 0 -0.006002 0.00167451 0.00330364 -0.00223473 0
internal_weight=162.064 54.7393 107.325 60.0984 26.6495 37.9767 23.413 22.1217 28.0899
internal_count=1061 614 447 326 396 172 90 154 218
is_linear=0
shrinkage=0.0069078


Tree=38
num_leaves=11
num_cat=0
split_feature=5 4 5 2 5 3 4 2 4 17
split_gain=23.0627 10.3974 6.5498 5.28233 4.33905 4.33144 3.65437 2.61584 1.31298 0.351866
threshold=27.750000000000004 37.500000000000007 93.950000000000017 7.5000000000000009 47.250000000000007 49.500000000000007 35.500000000000007 13.500000000000002 36.500000000000007 27.831818181818186
decision_type=2 2 2 2 2 2 2 2 2 2
left_child=1 5 3 8 6 -1 -5 -7 -2 -6
right_child=2 -3 -4 4 9 7 -8 -9 -10 -11
leaf_value=0 -0.002847111925650926 0.00028047406196748405 0.0034179870574567064 0 0 -0.0059612739535340282 0.0043586019774495876 0 0 -0.0009575566443201745
leaf_weight=1.7360080070793618 15.706942845135929 9.7187534123659116 47.426075302064419 6.232600666582587 5.4427224062383166 35.360573783516884 16.993826579302549 7.6522359047085038 6.0681147500872603 9.2360367029905301
leaf_count=8 128 41 121 49 15 485 41 80 26 67
internal_value=0 -0.0034423 0.00172957 0 0.00155653 -0.00481449 0.00315175 -0.00528392 -0.00211679 0
internal_weight=161.574 54.4676 107.106 59.6802 37.9052 44.7488 23.2264 43.0128 21.7751 14.6788
internal_count=1061 614 447 326 172 573 90 565 154 82
is_linear=0
shrinkage=0.0069078


Tree=39
num_leaves=10
num_cat=0
split_feature=4 4 2 2 6 9 6 6 9
split_gain=19.6875 3.50477 5.86687 2.88316 4.45085 2.14211 1.46355 0.332541 0.241765
threshold=35.500000000000007 38.500000000000007 7.5000000000000009 13.500000000000002 56.95000000000001 0.049515639589168957 109.05000000000001 115.25000000000001 0.041213921901527957
decision_type=2 2 2 2 2 2 2 2 2
left_child=3 2 8 4 -1 -4 -6 -8 -2
right_child=1 -3 5 -5 6 -7 7 -9 -10
leaf_value=0 -0.0018959729449980814 0.0046554913841532399 0.0027981849572305774 0 -0.0044643330194194019 0 0 -0.00088108734227085501 0
leaf_weight=7.3594342879950991 7.8130004368722465 16.361606426537037 36.33568486571312 15.093879021704195 38.720969151705503 8.5985683985054475 3.3402486816048613 11.364655308425425 15.685775119811295
leaf_count=47 63 31 139 106 382 58 7 125 103
internal_value=0 0.00208134 0.000539576 -0.00250431 -0.00309772 0.00216581 -0.00375817 0 -0.00122865
internal_weight=160.674 84.7946 68.433 75.8792 60.7853 44.9343 53.4259 14.7049 23.4988
internal_count=1061 394 363 667 561 197 514 132 166
is_linear=0
shrinkage=0.0069078


Tree=40
num_leaves=12
num_cat=0
split_feature=18 9 17 3 16 16 9 6 3 6 18
split_gain=12.3228 6.93237 6.04712 3.00983 2.97208 3.12043 2.85221 2.82972 2.17016 1.34906 0.936942
threshold=38.500000000000007 0.050633812847172707 45.71958333333334 55.500000000000007 14.500000000000002 43.500000000000007 0.048115079365079354 70.550000000000011 51.500000000000007 107.95000000000002 33.500000000000007
decision_type=2 2 2 2 2 2 2 2 2 2 2
left_child=1 2 6 10 -3 8 7 -1 -6 -8 -4
right_child=-2 4 3 -5 5 -7 9 -9 -10 -11 -12
leaf_value=0 0.0045841079717376916 0 0 0 0 0 -0.00031504257768965417 -0.0030523283294141218 -0.0046741074959437325 0.0015741749319367968 0.003706294854499899
leaf_weight=7.6495329998433617 17.743452295660973 9.6368804555386287 6.0811889152973917 15.359420105814932 2.5986612066626611 2.8004319779574862 13.187526555731894 24.178500218316913 24.989630948752165 16.010512974113226 23.424193099141121
leaf_count=42 35 57 41 90 16 23 96 212 296 60 85
internal_value=0.000131064 -0.000420481 0.000267757 0.00218747 -0.00266969 -0.00353006 -0.000742909 -0.00206718 -0.00418023 0 0.00322686
internal_weight=163.66 145.916 105.891 44.8648 40.0256 30.3887 61.0261 31.828 27.5883 29.198 29.5054
internal_count=1053 1018 626 216 392 335 410 254 312 156 126
is_linear=0
shrinkage=0.0069078


Tree=41
num_leaves=11
num_cat=0
split_feature=4 27 4 2 3 0 7 4 0 2
split_gain=11.7267 4.6984 12.6399 5.96178 4.25688 2.16962 2.13107 1.66583 1.12066 0.816522
threshold=38.500000000000007 1.5000000000000002 35.500000000000007 7.5000000000000009 51.500000000000007 1175.0000000000002 6.5000000000000009 34.500000000000007 1175.0000000000002 3.5000000000000004
decision_type=2 2 2 2 2 2 2 2 2 2
left_child=1 2 4 -4 -1 -3 -7 8 -6 -10
right_child=-2 5 3 -5 7 6 -8 -9 9 -11
leaf_value=0.00090580680393493435 0.004490422114426313 0 0 0.0048951090706752373 0 -0.0036762891273127464 0 0 0 -0.0034325403949396287
leaf_weight=10.722417056560515 17.630078114569187 3.9856084771454325 7.6997647732496288 23.540509629994631 6.5616101138293734 24.429018734022975 8.4187950491905195 21.524447022005916 8.2338619157671911 30.456043753772974
leaf_count=41 35 17 48 64 46 228 39 161 65 309
internal_value=0.000136432 -0.000396287 8.65831e-05 0.00351132 -0.00111154 -0.00232234 -0.00289404 -0.00196824 -0.00262146 -0.00298924
internal_weight=163.202 145.572 108.739 31.2403 77.4984 36.8334 32.8478 66.776 45.2515 38.6899
internal_count=1053 1018 734 112 622 284 267 581 420 374
is_linear=0
shrinkage=0.0069078


Tree=42
num_leaves=8
num_cat=0
split_feature=5 24 2 28 28 2 17
split_gain=21.4162 6.72573 4.6153 2.93148 1.73332 2.34427 1.69049
threshold=27.750000000000004 1.5000000000000002 6.5000000000000009 0.24865370635666942 0.24865370635666942 14.500000000000002 18.424166666666668
decision_type=2 2 2 2 2 2 2
left_child=3 2 -2 6 5 -4 -1
right_child=1 -3 4 -5 -6 -7 -8
leaf_value=0 0 -0.0010994109178984607 0.0044844698967077172 0 0 0 -0.0039715862995752882
leaf_weight=2.8194142431020728 29.818209357559681 7.4924541004002085 52.542396862059832 15.250887295231221 9.6258418783545476 9.6105785891413671 36.924614252522588
leaf_count=16 165 48 158 132 43 38 453
internal_value=0.00019456 0.00210472 0.00272922 -0.00280758 0.00359436 0.00397826 -0.00363459
internal_weight=164.084 109.089 101.597 54.9949 71.7788 62.153 39.744
internal_count=1053 452 404 601 239 196 469
is_linear=0
shrinkage=0.0069078


Tree=43
num_leaves=10
num_cat=0
split_feature=5 4 4 24 17 28 5 6 6
split_gain=21.2728 9.6788 7.42668 6.31467 2.24369 2.10889 1.10519 0.933223 0.904626
threshold=29.700000000000006 37.500000000000007 33.500000000000007 1.5000000000000002 18.424166666666668 0.99905158556052898 149.75000000000003 121.60000000000001 69.65000000000002
decision_type=2 2 2 2 2 2 2 2 2
left_child=1 4 6 7 -1 -6 -2 8 -4
right_child=2 -3 3 -5 5 -7 -8 -9 -10
leaf_value=0 -0.0020660087792258169 0.0008036460190332564 0 -0.00015556912156907961 -0.0046973482070251388 0 0 0 0.0038949419283932623
leaf_weight=2.6919852495193473 7.2924206964671594 10.026175912469624 8.0761196166276914 6.1051446460187426 42.527047706767917 2.352155039086937 3.1077919378876686 6.1232347749173632 74.399833183735609
leaf_count=15 64 43 48 33 551 16 12 26 245
internal_value=0.000198674 -0.00268709 0.00217564 0.00290818 -0.00405386 -0.00438612 -0.000937796 0.0034738 0.00365525
internal_weight=162.702 57.5974 105.105 94.7043 47.5712 44.8792 10.4002 88.5992 82.476
internal_count=1053 625 428 352 582 567 76 319 293
is_linear=0
shrinkage=0.0069078


Tree=44
num_leaves=9
num_cat=0
split_feature=5 24 2 5 2 11 7 5
split_gain=21.3509 5.97315 4.00602 1.84811 1.33829 0.786505 1.29669 0.602266
threshold=21.450000000000003 1.5000000000000002 6.5000000000000009 62.150000000000006 15.500000000000002 0.2264957264957265 2.5000000000000004 24.600000000000005
decision_type=2 2 2 2 2 2 2 2
left_child=4 2 3 7 5 6 -1 -2
right_child=1 -3 -4 -5 -6 -7 -8 -9
leaf_value=0 0 -0.00098223620275035431 0.0033437808916072223 0.0014031712823704418 0 0 -0.003921550534710082 -0.0017539754212512653
leaf_weight=3.3226828016340724 2.3408348411321631 7.5330348722636691 75.032397862523794 19.854646999388933 3.5341567918658248 2.8768953308463088 37.017735157161951 10.416414575651286
leaf_count=24 18 51 271 76 29 27 456 101
internal_value=0.000202468 0.00196597 0.0025336 0 -0.00312614 -0.00341386 -0.00361834 -0.00119594
internal_weight=161.929 115.177 107.644 32.6119 46.7515 43.2173 40.3404 12.7572
internal_count=1053 517 466 195 536 507 480 119
is_linear=0
shrinkage=0.0069078


Tree=45
num_leaves=11
num_cat=0
split_feature=4 2 7 3 27 17 4 17 2 3
split_gain=12.5201 5.54009 4.72852 4.88014 3.60011 3.26037 2.14763 0.450849 0.400746 0.621487
threshold=35.500000000000007 6.5000000000000009 5.5000000000000009 51.500000000000007 1.5000000000000002 18.424166666666668 38.500000000000007 31.009166666666669 11.500000000000002 54.500000000000007
decision_type=2 2 2 2 2 2 2 2 2 2
left_child=2 6 3 -1 -3 -5 -2 -6 9 -4
right_child=1 4 8 5 7 -7 -8 -9 -10 -11
leaf_value=0 -0.0015543540480973293 0.0049044088013489532 0 0 0 -0.0042790412780543442 0.0015417622042521769 0.00083788737364370836 0.00091304074289986603 -0.0012339434152127929
leaf_weight=5.651470933109521 17.787858450785283 26.674310334026814 13.180989291518928 2.0415702983736983 8.603934623301031 34.321674196049571 6.7328528910875312 21.918936960399151 13.549455393105744 10.573020616546271
leaf_count=25 148 73 67 6 57 398 15 98 64 102
internal_value=0.000204272 0.002161 -0.00142911 -0.00281957 0.00322285 -0.00375015 0 7.88863e-05 0 -8.92364e-05
internal_weight=161.036 81.7179 79.3182 42.0147 57.1972 36.3632 24.5207 30.5229 37.3035 23.754
internal_count=1053 391 662 429 228 404 163 155 233 169
is_linear=0
shrinkage=0.0069078


Tree=46
num_leaves=11
num_cat=0
split_feature=5 18 24 18 6 5 17 6 9 6
split_gain=20.6606 7.17342 5.82073 5.64723 4.21863 2.7834 2.70197 1.72014 1.56305 0.570608
threshold=21.450000000000003 38.500000000000007 1.5000000000000002 33.500000000000007 122.10000000000001 27.750000000000004 18.424166666666668 121.30000000000003 0.053342816500711203 68.15000000000002
decision_type=2 2 2 2 2 2 2 2 2 2
left_child=1 6 3 9 5 -5 -1 -8 -7 -2
right_child=2 -3 -4 4 -6 8 7 -9 -10 -11
leaf_value=0 0 0.00026424063962237032 -0.00098541949468863941 0 0 0.0042234309554081036 -0.0050039384389005811 0 0 -0.0013630832442840012
leaf_weight=2.7218307740986338 5.8422626387327892 4.7642865329980841 7.2813711464405051 4.851656697690486 5.0078289508819571 69.519386954605579 34.154440369457006 4.8680104706436387 16.564404029399157 5.578911267220974
leaf_count=13 29 13 51 46 32 219 461 49 87 53
internal_value=0.000189523 -0.00308821 0.00193216 0.00249312 0.00307531 0.003456 -0.00414097 -0.00456055 0.00373479 0
internal_weight=161.154 46.5086 114.646 107.364 95.9433 90.9354 41.7443 39.0225 86.0838 11.4212
internal_count=1053 536 517 466 384 352 523 510 306 82
is_linear=0
shrinkage=0.0069078


Tree=47
num_leaves=9
num_cat=0
split_feature=5 4 4 24 2 2 5 9
split_gain=19.9155 7.85751 7.16556 6.11937 4.12381 2.04272 1.13285 0.525908
threshold=27.750000000000004 37.500000000000007 33.500000000000007 1.5000000000000002 6.5000000000000009 15.500000000000002 149.75000000000003 0.049515639589168957
decision_type=2 2 2 2 2 2 2 2
left_child=1 5 6 4 7 -1 -2 -4
right_child=2 -3 3 -5 -6 -7 -8 -9
leaf_value=-0.0043684672391633992 -0.0021146233861635533 0.00031329405264217484 0.00089713222701100442 -0.00022919390967482658 0.0041564922569185181 0 0 -0.00041368694316940236
leaf_weight=40.139213763177395 7.3743667937815172 8.9646596983075124 18.983024645596746 6.0946376584470263 66.087711032480001 3.7224672585725775 3.075945571064949 5.6040025390684596
leaf_count=528 67 41 84 37 202 32 12 50
internal_value=0.000194099 -0.00275121 0.00204877 0.00276732 0.00332345 -0.00398751 -0.000999366 0
internal_weight=160.046 52.8263 107.22 96.7694 90.6747 43.8617 10.4503 24.587
internal_count=1053 601 452 373 336 560 79 134
is_linear=0
shrinkage=0.0069078


Tree=48
num_leaves=10
num_cat=0
split_feature=4 27 7 10 17 6 9 6 6
split_gain=12.4993 14.7472 4.13838 2.81448 2.51826 2.07109 0.826942 0.603264 0.41646
threshold=35.500000000000007 1.5000000000000002 5.5000000000000009 0.17846085802742148 18.424166666666668 56.150000000000013 0.029513888888888853 105.75000000000001 109.35000000000001
decision_type=2 2 2 2 2 2 2 2 2
left_child=2 6 4 -3 -1 -6 -2 -5 -9
right_child=1 3 -4 7 5 -7 -8 8 -10
leaf_value=0 0 -0.0026976958730891699 0 0 0 -0.0039566280905286594 0.0051159184127625625 0.001583700548975207 0
leaf_weight=2.091337911784648 7.0764451064169398 10.252043899148701 32.482389606535435 14.451457813382151 3.312900234013795 36.783986784517765 30.346512261778116 10.325005330145361 7.0483262836933127
leaf_count=7 28 89 219 104 26 414 97 31 37
internal_value=0 0.0018249 -0.00189728 -0.00035255 -0.00311972 -0.00354829 0.00461962 0 0.00104325
internal_weight=154.17 79.4998 74.6706 42.0768 42.1882 40.0969 37.423 31.8248 17.3733
internal_count=1052 386 666 261 447 440 125 172 68
is_linear=0
shrinkage=0.0069078


Tree=49
num_leaves=12
num_cat=0
split_feature=18 27 6 17 6 6 6 6 27 6 6
split_gain=13.0244 14.423 2.39505 4.21346 1.82722 0.628516 0.833806 0.58109 0.531733 0.516764 0.458725
threshold=35.500000000000007 1.5000000000000002 108.25000000000001 48.816042780748667 106.05000000000001 110.75000000000001 120.35000000000001 108.45000000000002 10.500000000000002 56.95000000000001 108.95000000000002
decision_type=2 2 2 2 2 2 2 2 2 2 2
left_child=2 -2 3 9 8 10 -7 -6 -3 -1 -4
right_child=1 4 5 -5 7 6 -8 -9 -10 -11 -12
leaf_value=0 0.0046220533323243782 -0.0021606819379300993 0 0 0.0012325289975727797 -0.0019025700883870764 0 0 0 -0.0045864129848038832 0.0015484622653576079
leaf_weight=1.8325714915990854 37.440069429576397 15.798961605876686 6.8927047960460204 26.248952472582459 9.606261398643257 6.7539199907332641 6.2163778804242611 8.982230391353367 7.258171495050191 21.909465735778213 5.2580821141600609
leaf_count=13 125 137 44 209 30 98 52 56 38 239 11
internal_value=0 0.00187432 -0.00192441 -0.00268575 -0.000288326 0 -0.000891262 0.00015351 -0.00168059 -0.0043714 0.000766752
internal_weight=154.198 79.0857 75.1121 49.991 41.6456 25.1211 12.9703 18.5885 23.0571 23.742 12.1508
internal_count=1052 386 666 461 261 205 150 86 175 252 55
is_linear=0
shrinkage=0.0069078


Tree=50
num_leaves=12
num_cat=0
split_feature=5 18 3 5 17 27 18 2 27 5 10
split_gain=30.6893 11.8463 3.83425 4.13223 3.40018 2.89948 6.16143 2.17477 1.04266 0.700814 0.613865
threshold=93.950000000000017 35.500000000000007 49.500000000000007 62.150000000000006 18.424166666666668 1.5000000000000002 38.500000000000007 7.5000000000000009 1.5000000000000002 83.600000000000009 0.49242424242424249
decision_type=2 2 2 2 2 2 2 2 2 2 2
left_child=1 2 -1 4 -4 7 9 -3 -2 -7 -6
right_child=8 5 3 -5 10 6 -8 -9 -10 -11 -12
leaf_value=0 0.0048779763400163233 0 0 0 -0.0059726619344029931 -0.0030890241230787942 0.0016415857247412487 0.0028297057468312185 0 0 0
leaf_weight=1.9455363042652596 35.720541000366211 5.9580759834498194 2.6074445582926264 9.6826061084866506 35.362432483583689 24.13315007835627 7.4901675134897223 16.908412322402 8.9933003410696966 2.5886759236454955 3.014538323506712
leaf_count=8 88 45 11 63 483 218 16 57 26 7 30
internal_value=0 -0.00194277 -0.0040534 -0.00447522 -0.00527639 0 -0.000887185 0.00180688 0.00434642 -0.00281387 -0.00572619
internal_weight=154.405 109.691 52.6126 50.667 40.9844 57.0785 34.212 22.8665 44.7138 26.7218 38.377
internal_count=1052 938 595 587 524 343 241 102 114 225 513
is_linear=0
shrinkage=0.0069078


Tree=51
num_leaves=11
num_cat=0
split_feature=5 4 5 17 2 5 5 4 27 5
split_gain=29.3692 11.429 3.45863 2.87718 2.5093 2.77657 3.03602 2.69545 1.08234 0.761544
threshold=93.950000000000017 35.500000000000007 62.150000000000006 18.424166666666668 7.5000000000000009 51.750000000000007 8.1500000000000004 38.500000000000007 1.5000000000000002 62.150000000000006
decision_type=2 2 2 2 2 2 2 2 2 2
left_child=1 2 3 -1 7 6 -6 9 -2 -3
right_child=8 4 -4 -5 5 -7 -8 -9 -10 -11
leaf_value=0 0.0047925830760615481 -0.003114350599928577 0 -0.0051233593394929946 0 0 0.0031866300700127232 0 0 0
leaf_weight=2.6106850616633883 35.423133887350559 13.098650850355627 9.9788405746221525 39.638419205322862 5.5034537538886097 6.6843146607279769 25.094922352582216 3.8046646267175666 9.0303560681641084 2.8785401135683051
leaf_count=11 88 141 64 520 51 26 100 10 26 15
internal_value=0 -0.00190817 -0.00399081 -0.00471579 0 0.00122552 0.00225709 -0.00131779 0.00425784 -0.002671
internal_weight=153.746 109.292 52.2279 42.2491 57.0645 37.2827 30.5984 19.7819 44.4535 15.9772
internal_count=1052 938 595 531 343 177 151 166 114 156
is_linear=0
shrinkage=0.0069078


Tree=52
num_leaves=9
num_cat=0
split_feature=5 4 3 2 5 5 2 5
split_gain=28.629 12.7971 4.11593 3.26705 2.93576 3.52105 2.20957 1.9195
threshold=74.300000000000011 35.500000000000007 50.500000000000007 6.5000000000000009 51.750000000000007 8.1500000000000004 1.5000000000000002 93.950000000000017
decision_type=2 2 2 2 2 2 2 2
left_child=1 2 -1 -3 5 -5 -4 -2
right_child=7 3 6 4 -6 -7 -8 -9
leaf_value=0 0 -0.0018932254675663516 0 0 -7.7268514731154502e-05 0.0032548383587837422 -0.0053912708906300602 0.0042081310775741818
leaf_weight=1.8711373023688782 12.068139985203741 13.769191615283487 3.8070296198129645 5.7469467706978312 4.3155090585350981 26.986166726797819 40.015781221911311 44.193633958697319
leaf_count=10 54 136 30 55 24 108 521 114
internal_value=0 -0.0022072 -0.00453226 0 0.00126675 0.00226253 -0.00499808 0.0036105
internal_weight=152.774 96.5118 45.6939 50.8178 37.0486 32.7331 43.8228 56.2618
internal_count=1052 884 561 323 187 163 551 168
is_linear=0
shrinkage=0.0069078


Tree=53
num_leaves=10
num_cat=0
split_feature=5 4 27 4 27 9 16 10 5
split_gain=28.2451 12.3254 2.33838 6.64569 2.01935 1.26555 0.946894 0.898768 0.384286
threshold=76.000000000000014 35.500000000000007 1.5000000000000002 38.500000000000007 1.5000000000000002 0.17515516611902152 10.500000000000002 0.49242424242424249 93.950000000000017
decision_type=2 2 2 2 2 2 2 2 2
left_child=1 5 -3 -4 8 6 -1 -8 -2
right_child=4 2 3 -5 -6 -7 7 -9 -10
leaf_value=0 0 0.0016480940846142894 -0.0030253150730771912 0.0017801996280360968 0 0 -0.005131370757478014 0 0.0046525766439288073
leaf_weight=1.9430133849382389 8.3980530798435193 20.300071787089109 23.559539724141363 6.7691466361284247 12.655970133841036 2.7784934751689425 38.278054945170879 2.391678085550665 34.913810007274151
leaf_count=10 41 95 216 13 38 28 502 21 88
internal_value=0 -0.00220347 0 -0.00089822 0.00358836 -0.00449072 -0.00473486 -0.00491964 0.00422213
internal_weight=151.988 96.02 50.6288 30.3287 55.9678 45.3912 42.6127 40.6697 43.3119
internal_count=1052 885 324 229 167 561 533 523 129
is_linear=0
shrinkage=0.0069078


Tree=54
num_leaves=14
num_cat=0
split_feature=4 27 4 6 17 6 6 6 6 6 6 6 17
split_gain=12.4832 13.7387 6.19767 2.04984 2.94707 0.861878 0.620929 0.485461 0.469272 0.390806 0.672083 0.397421 0.318539
threshold=35.500000000000007 1.5000000000000002 37.500000000000007 108.25000000000001 48.816042780748667 56.600000000000009 70.350000000000009 111.95000000000002 121.75000000000001 110.75000000000001 120.35000000000001 108.95000000000002 32.06545454545455
decision_type=2 2 2 2 2 2 2 2 2 2 2 2 2
left_child=3 8 6 4 5 -1 -3 -8 -2 11 -11 -5 -4
right_child=1 2 12 9 -6 -7 7 -9 -10 10 -12 -13 -14
leaf_value=0 0.0050336053002540378 0 0 0 0 -0.0043573471974190422 -0.0033058765473236336 0 0 -0.0016979093006727357 0 0.0013225026941301738 0.0019369438126308929
leaf_weight=1.5887387916445757 28.750054258853197 2.7516431696712997 7.0366383194923428 6.6525999587029236 25.162606608122587 22.021702760830522 17.913170494139198 3.1226471923291674 8.2673107385635358 6.5630504302680475 6.0452500768005848 4.98818139731884 10.425536371767519
leaf_count=11 86 10 33 44 209 241 167 24 39 98 52 11 27
internal_value=0 0.00180578 -0.000295226 -0.00194589 -0.00265792 -0.00409944 -0.00271455 -0.00300436 0.00450631 0 -0.00077472 0.000521488 0.0014779
internal_weight=151.289 78.267 41.2496 73.0221 48.773 23.6104 23.7875 21.0358 37.0174 24.2491 12.6083 11.6408 17.4622
internal_count=1052 386 261 666 461 252 201 191 125 205 150 55 60
is_linear=0
shrinkage=0.0069078


Tree=55
num_leaves=13
num_cat=0
split_feature=5 4 6 6 2 4 9 2 5 9 27 5
split_gain=26.3548 12.3536 4.21551 3.43866 3.42574 2.54248 2.41899 2.07298 1.9857 1.81074 1.23413 0.523772
threshold=74.300000000000011 35.500000000000007 69.850000000000009 57.500000000000007 7.5000000000000009 38.500000000000007 0.03608470181503886 1.5000000000000002 36.850000000000001 0.17515516611902152 1.5000000000000002 10.050000000000002
decision_type=2 2 2 2 2 2 2 2 2 2 2 2
left_child=1 3 -2 -1 5 -3 -6 -5 11 -9 -4 -8
right_child=2 4 10 7 6 -7 8 9 -10 -11 -12 -13
leaf_value=0 0 -0.0029546869354614351 0.0047616908815976055 0 0 0 0 -0.0057937153576177389 0 0 0 0.0034960960303845215
leaf_weight=5.2877902705222359 9.0371941961348039 13.855270482599737 36.635449185967445 3.74168468825519 6.7908643968403331 2.5304027944803229 5.7446235790848794 33.230366198346019 4.7530108317732802 2.5681230016052714 10.292277980595825 17.086650460958481
leaf_count=49 41 146 93 29 50 6 40 457 24 26 34 57
internal_value=0 -0.00214419 0.00345501 -0.00445679 0 -0.00176001 0.00139535 -0.00503969 0.00233587 -0.00545166 0.00417794 0.00303953
internal_weight=151.554 95.5888 55.9649 44.828 50.7608 16.3857 34.3751 39.5402 27.5843 35.7985 46.9277 22.8313
internal_count=1052 884 168 561 323 152 171 512 121 483 127 97
is_linear=0
shrinkage=0.0069078


Tree=56
num_leaves=7
num_cat=0
split_feature=4 9 17 4 6 6
split_gain=27.464 7.84742 2.60044 1.97741 2.20074 1.85099
threshold=35.500000000000007 0.032291666666666656 31.009166666666669 34.500000000000007 57.500000000000007 120.35000000000001
decision_type=2 2 2 2 2 2
left_child=3 -2 -3 4 -1 -6
right_child=1 2 -4 -5 5 -7
leaf_value=0 0 0 0.0044937376016695287 0 -0.0047724234796148457 0
leaf_weight=8.7702754121273738 17.14094352722168 14.648040018975733 47.478545548394322 25.013924797996879 32.842373935505748 2.5602129865437737
leaf_count=67 118 84 183 208 382 22
internal_value=0 0.00269888 0.00378109 -0.00291941 -0.00378137 -0.00441353
internal_weight=148.454 79.2675 62.1266 69.1868 44.1729 35.4026
internal_count=1064 385 267 679 471 404
is_linear=0
shrinkage=0.0069078


Tree=57
num_leaves=7
num_cat=0
split_feature=4 9 17 2 6 4
split_gain=27.2761 8.35498 2.51735 2.32912 3.96595 0.32037
threshold=35.500000000000007 0.032291666666666656 31.009166666666669 12.500000000000002 57.500000000000007 33.500000000000007
decision_type=2 2 2 2 2 2
left_child=3 -2 -3 4 -1 -5
right_child=1 2 -4 5 -6 -7
leaf_value=0 0 0 0.0045320804310699913 -0.0010547006892714806 -0.0042142756067605307 0.00015583532280446456
leaf_weight=7.3701775036752215 16.530541151762009 14.69488577544689 48.041452370584011 4.1770478114485767 44.278404412791133 13.3703521117568
leaf_count=46 118 84 183 59 484 90
internal_value=0 0.00272161 0.00382936 -0.0028755 -0.00353385 0
internal_weight=148.463 79.2669 62.7363 69.196 51.6486 17.5474
internal_count=1064 385 267 679 530 149
is_linear=0
shrinkage=0.0069078


Tree=58
num_leaves=8
num_cat=0
split_feature=4 5 9 5 17 6 10
split_gain=26.4859 16.6534 8.01005 5.91786 1.71536 0.669023 0.526818
threshold=35.500000000000007 58.650000000000013 0.032291666666666656 8.1500000000000004 28.498051948051952 81.050000000000011 0.49242424242424249
decision_type=2 2 2 2 2 2 2
left_child=1 6 -2 -4 -5 -3 -1
right_child=2 5 3 4 -6 -7 -8
leaf_value=-0.0056742322193575005 0 0 0 0 0.0050399958212389104 0.0011470937324530664 0
leaf_weight=36.249966040253639 16.479515854269266 14.665339775383474 8.264711454510687 9.5624839849770051 44.875201605260372 15.437649603933094 2.6032667383551589
leaf_count=509 118 89 72 51 144 53 28
internal_value=0 -0.00286359 0.00265893 0.00374408 0.00450426 9.1904e-05 -0.00547025
internal_weight=148.138 68.9562 79.1819 62.7024 54.4377 30.103 38.8532
internal_count=1064 679 385 267 195 142 537
is_linear=0
shrinkage=0.0069078


Tree=59
num_leaves=7
num_cat=0
split_feature=4 9 17 7 4 6
split_gain=25.8605 7.60031 2.64044 2.39866 1.16626 1.25681
threshold=35.500000000000007 0.032291666666666656 28.498051948051952 6.5000000000000009 34.500000000000007 120.35000000000001
decision_type=2 2 2 2 2 2
left_child=3 -2 -3 4 5 -1
right_child=1 2 -4 -5 -6 -7
leaf_value=-0.0044514413418171687 0 0 0.0043540859798574987 0 0 0
leaf_weight=33.933886328712106 16.322246998548508 13.426180701702831 48.973689187318087 13.990842640399931 18.476133989170194 2.2565898224711409
leaf_count=394 118 77 190 87 177 21
internal_value=0 0.00263983 0.00369244 -0.00282911 -0.00339946 -0.00418361
internal_weight=147.38 78.7221 62.3999 68.6575 54.6666 36.1905
internal_count=1064 385 267 679 592 415
is_linear=0
shrinkage=0.0069078


Tree=60
num_leaves=7
num_cat=0
split_feature=4 5 9 5 10 10
split_gain=26.2346 15.9862 7.70286 5.85023 0.352857 0.268447
threshold=35.500000000000007 77.100000000000009 0.032291666666666656 7.4500000000000011 0.14511278195488717 0.49242424242424249
decision_type=2 2 2 2 2 2
left_child=1 5 -2 -4 -3 -1
right_child=2 4 3 -5 -6 -7
leaf_value=-0.0053180543922969137 0 0 0 0.0044053975831247144 0.00087637502846560204 0
leaf_weight=40.516553904861212 16.291921496391296 6.3892429620027569 6.6112681142985812 56.202639352530241 19.061346653848886 2.6956923548132172
leaf_count=545 118 32 59 208 73 29
internal_value=0 -0.00285058 0.00265195 0.00370669 0.000371795 -0.00515545
internal_weight=147.769 68.6628 79.1058 62.8139 25.4506 43.2122
internal_count=1064 679 385 267 105 574
is_linear=0
shrinkage=0.0069078


Tree=61
num_leaves=6
num_cat=0
split_feature=4 5 9 5 5
split_gain=25.0883 15.9502 7.26445 5.72357 0.24263
threshold=35.500000000000007 77.100000000000009 0.032291666666666656 7.4500000000000011 158.45000000000002
decision_type=2 2 2 2 2
left_child=1 -1 -2 -4 -3
right_child=2 4 3 -5 -6
leaf_value=-0.005119711431394453 0 0 0 0.0043013233937497326 0.00090312140997508166
leaf_weight=43.030830169096589 16.208710253238678 13.393855918198826 6.5531342588365069 56.138513278216124 12.090603224933146
leaf_count=574 118 64 59 208 41
internal_value=0 -0.00280472 0.00258262 0.00360644 0.000405619
internal_weight=147.416 68.5153 78.9004 62.6916 25.4845
internal_count=1064 679 385 267 105
is_linear=0
shrinkage=0.0069078


Tree=62
num_leaves=7
num_cat=0
split_feature=18 9 17 18 6 6
split_gain=24.3965 6.90396 2.67478 1.93664 2.22877 1.85706
threshold=35.500000000000007 0.032291666666666656 28.498051948051952 34.500000000000007 57.500000000000007 120.35000000000001
decision_type=2 2 2 2 2 2
left_child=3 -2 -3 4 -1 -6
right_child=1 2 -4 -5 5 -7
leaf_value=0 0 0 0.004195546040868782 0 -0.0046127660816048712 0
leaf_weight=8.7050674147903901 15.955053515732287 13.218114592134951 49.219680987298489 24.540804764255881 32.397433761507273 2.615830970928072
leaf_count=67 118 77 190 208 382 22
internal_value=0 0.0025507 0.00354461 -0.00277394 -0.0036086 -0.00424326
internal_weight=146.652 78.3928 62.4378 68.2591 43.7183 35.0133
internal_count=1064 385 267 679 471 404
is_linear=0
shrinkage=0.0069078


Tree=63
num_leaves=8
num_cat=0
split_feature=4 10 2 6 2 4 17
split_gain=23.9698 5.45879 2.73218 4.05914 0.748374 0.302043 0.296155
threshold=35.500000000000007 0.16987179487179482 12.500000000000002 57.500000000000007 5.5000000000000009 33.500000000000007 47.21145833333334
decision_type=2 2 2 2 2 2 2
left_child=2 6 3 -1 -3 -4 -2
right_child=1 4 5 -5 -6 -7 -8
leaf_value=0 -0.0008191704219546144 0 -0.00096193023566977108 -0.0041536075554871599 0.0039728658102313342 0.00031553189856844093 1.8466150335713644e-05
leaf_weight=7.3455363586544982 11.976152423769237 14.765581548213957 4.0904926583170917 43.547526024281979 45.168163169175386 13.323329446837304 6.222905632108449
leaf_count=46 95 92 59 484 173 90 25
internal_value=0 0.00253399 -0.00274673 -0.00345099 0.00344805 0 0
internal_weight=146.44 78.1328 68.3069 50.8931 59.9337 17.4138 18.1991
internal_count=1064 385 679 530 265 149 120
is_linear=0
shrinkage=0.0069078


Tree=64
num_leaves=8
num_cat=0
split_feature=5 4 4 5 5 17 6
split_gain=26.0162 11.5391 7.71322 2.99587 2.35639 0.750999 0.552785
threshold=29.700000000000006 37.500000000000007 33.500000000000007 94.700000000000003 47.250000000000007 31.009166666666669 55.750000000000007
decision_type=2 2 2 2 2 2 2
left_child=1 -1 6 4 -4 -6 -2
right_child=2 -3 3 -5 5 -7 -8
leaf_value=-0.0051252534580187598 0 0.00029548049033046751 0.0019454303787797412 0.004310520102789827 0 -0.0011889930185333623 -0.0020765701549519768
leaf_weight=44.884411765262485 3.8433889001607877 10.048932656645773 25.333524163812399 35.52613415196538 10.066032055765392 16.273326393216848 5.73104627430439
leaf_count=614 22 43 114 85 40 114 58
internal_value=-1.21496e-05 -0.0036835 0.00187713 0.0027033 0.000541102 0 -0.00141745
internal_weight=151.707 54.9333 96.7735 87.199 51.6729 26.3394 9.57444
internal_count=1090 657 433 353 268 154 80
is_linear=0
shrinkage=0.0069078


Tree=65
num_leaves=9
num_cat=0
split_feature=4 20 17 7 3 4 7 7
split_gain=20.8035 5.15683 4.25258 2.12288 1.18238 0.847433 0.580679 0.440741
threshold=36.500000000000007 2.5000000000000004 32.06545454545455 7.5000000000000009 51.500000000000007 34.500000000000007 2.5000000000000004 6.5000000000000009
decision_type=2 2 2 2 2 2 2 2
left_child=1 5 -2 4 -3 -1 -6 -8
right_child=2 3 -4 -5 6 -7 7 -9
leaf_value=-0.00092905146713618972 0 0 0.0042571638586782236 0 0 0.00073874837360772333 -0.0041362069957697921 0
leaf_weight=17.26848510093987 15.957418382167814 6.2660539187490931 33.029605466872454 4.1504332013428202 4.2679536268115035 23.354961443692446 42.662535412237048 4.0765921585261813
leaf_count=178 94 37 114 21 31 132 454 29
internal_value=-2.36019e-05 -0.0019731 0.00310607 -0.00310272 -0.00342868 0 -0.00373108 -0.0039347
internal_weight=151.034 102.047 48.987 61.4236 57.2731 40.6234 51.0071 46.7391
internal_count=1090 882 208 572 551 310 514 483
is_linear=0
shrinkage=0.0069078


Tree=66
num_leaves=8
num_cat=0
split_feature=5 4 4 5 5 17 17
split_gain=25.2195 11.2294 7.69086 2.70667 2.13593 2.4008 0.628875
threshold=29.700000000000006 37.500000000000007 33.500000000000007 94.700000000000003 47.250000000000007 30.412500000000005 31.009166666666669
decision_type=2 2 2 2 2 2 2
left_child=1 -1 -2 4 5 -4 -6
right_child=2 -3 3 -5 6 -7 -8
leaf_value=-0.0050822550187982814 -0.001458366467870977 0.00025081853115334162 0 0.0042281072443964233 0 0.0028003919843827751 -0.0010940163544858757
leaf_weight=44.533228421583772 9.5693506225943548 10.004301711916922 4.4975024536252048 35.247737318277359 10.038207229226829 20.77822838164866 15.996778536587952
leaf_count=614 80 43 30 85 40 84 114
internal_value=-2.85329e-05 -0.00365549 0.0018331 0.0026682 0.000540447 0.0018656 0
internal_weight=150.665 54.5375 96.1278 86.5585 51.3107 25.2757 26.035
internal_count=1090 657 433 353 268 114 154
is_linear=0
shrinkage=0.0069078


Tree=67
num_leaves=7
num_cat=0
split_feature=5 18 18 17 6 6
split_gain=23.2508 10.7482 7.72835 3.06273 2.2825 0.610142
threshold=29.700000000000006 37.500000000000007 33.500000000000007 28.63526785714286 69.250000000000014 55.750000000000007
decision_type=2 2 2 2 2 2
left_child=1 -1 5 -4 -5 -2
right_child=2 -3 3 4 -6 -7
leaf_value=-0.0049432926444691883 0 0.00024308458482118339 0 0 0.003419589603506273 -0.0022222793560838843
leaf_weight=44.033042937517166 3.811134070158003 10.021084833890198 13.179442541673778 5.3487066514790049 68.094078214839101 5.9229228310286999
leaf_count=614 22 43 65 33 255 58
internal_value=-1.84626e-05 -0.00352858 0.00175168 0.00260083 0.00310093 -0.00154598
internal_weight=150.41 54.0541 96.3563 86.6222 73.4428 9.73406
internal_count=1090 657 433 353 288 80
is_linear=0
shrinkage=0.0069078


Tree=68
num_leaves=9
num_cat=0
split_feature=5 4 4 5 5 4 6 5
split_gain=22.3024 10.5731 7.26986 2.63881 2.04417 2.74489 0.573073 0.347095
threshold=29.700000000000006 37.500000000000007 33.500000000000007 94.700000000000003 47.250000000000007 35.500000000000007 55.750000000000007 76.000000000000014
decision_type=2 2 2 2 2 2 2 2
left_child=1 -1 6 4 5 -4 -2 -6
right_child=2 -3 3 -5 7 -7 -8 -9
leaf_value=-0.0048898453886869224 0 0.00024573543106784729 0 0.004050187552006394 -0.00082666082372358631 0.0029106845542953767 -0.0021308420103275387 0
leaf_weight=43.698362864553928 3.8116164430975896 10.016901556402443 6.1043274812400368 35.155644595623016 15.161019090563061 19.40344749763608 5.8255318887531757 10.77580566704273
leaf_count=614 22 43 54 85 109 60 58 45
internal_value=-2.28933e-05 -0.00347557 0.00170408 0.00252999 0.000459069 0.00178586 -0.00146775 0
internal_weight=149.953 53.7153 96.2374 86.6002 51.4446 25.5078 9.63715 25.9368
internal_count=1090 657 433 353 268 114 80 154
is_linear=0
shrinkage=0.0069078


end of trees

feature_importances:
odds=111
popularity=100
time_seconds=77
horse_number=65
race_avg_odds=40
jockey_win_rate=37
popularity_rank=25
time_weight=24
age=23
weight=19
jockey_top3_rate=17
track_combined_encoded=15
field_size=14
jockey_track_win_rate=13
sex_encoded=6
distance=4
day_of_week=2
venue_code=1
year=1
horse_top3_rate=1
track_type_encoded=1

parameters:
[boosting: gbdt]
[objective: lambdarank]
[metric: ndcg]
[tree_learner: serial]
[device_type: cpu]
[data_sample_strategy: bagging]
[data: ]
[valid: ]
[num_iterations: 69]
[learning_rate: 0.0069078]
[num_leaves: 16]
[num_threads: 0]
[seed: 42]
[deterministic: 0]
[force_col_wise: 0]
[force_row_wise: 0]
[histogram_pool_size: -1]
[max_depth: 8]
[min_data_in_leaf: 22]
[min_sum_hessian_in_leaf: 0.001]
[bagging_fraction: 0.705191]
[pos_bagging_fraction: 1]
[neg_bagging_fraction: 1]
[bagging_freq: 8]
[bagging_seed: 400]
[bagging_by_query: 0]
[feature_fraction: 0.624646]
[feature_fraction_bynode: 1]
[feature_fraction_seed: 30056]
[extra_trees: 0]
[extra_seed: 12879]
[early_stopping_round: 0]
[early_stopping_min_delta: 0]
[first_metric_only: 0]
[max_delta_step: 0]
[lambda_l1: 5.08571]
[lambda_l2: 9.07566]
[linear_lambda: 0]
[min_gain_to_split: 0.228798]
[drop_rate: 0.1]
[max_drop: 50]
[skip_drop: 0.5]
[xgboost_dart_mode: 0]
[uniform_drop: 0]
[drop_seed: 17869]
[top_rate: 0.2]
[other_rate: 0.1]
[min_data_per_group: 100]
[max_cat_threshold: 32]
[cat_l2: 10]
[cat_smooth: 10]
[max_cat_to_onehot: 4]
[top_k: 20]
[monotone_constraints: ]
[monotone_constraints_method: basic]
[monotone_penalty: 0]
[feature_contri: ]
[forcedsplits_filename: ]
[refit_decay_rate: 0.9]
[cegb_tradeoff: 1]
[cegb_penalty_split: 0]
[cegb_penalty_feature_lazy: ]
[cegb_penalty_feature_coupled: ]
[path_smooth: 0]
[interaction_constraints: ]
[verbosity: -1]
[saved_feature_importance_type: 0]
[use_quantized_grad: 0]
[num_grad_quant_bins: 4]
[quant_train_renew_leaf: 0]
[stochastic_rounding: 1]
[linear_tree: 0]
[max_bin: 255]
[max_bin_by_feature: ]
[min_data_in_bin: 3]
[bin_construct_sample_cnt: 200000]
[data_random_seed: 175]
[is_enable_sparse: 1]
[enable_bundle: 1]
[use_missing: 1]
[zero_as_missing: 0]
[feature_pre_filter: 1]
[pre_partition: 0]
[two_round: 0]
[header: 0]
[label_column: ]
[weight_column: ]
[group_column: ]
[ignore_column: ]
[categorical_feature: ]
[forcedbins_filename: ]
[precise_float_parser: 0]
[parser_config_file: ]
[objective_seed: 16083]
[num_class: 1]
[is_unbalance: 0]
[scale_pos_weight: 1]
[sigmoid: 1]
[boost_from_average: 1]
[reg_sqrt: 0]
[alpha: 0.9]
[fair_c: 1]
[poisson_max_delta_step: 0.7]
[tweedie_variance_power: 1.5]
[lambdarank_truncation_level: 30]
[lambdarank_norm: 1]
[label_gain: ]
[lambdarank_position_bias_regularization: 0]
[eval_at: 1,3,5]
[multi_error_top_k: 1]
[auc_mu_weights: ]
[num_machines: 1]
[local_listen_port: 12400]
[time_out: 120]
[machine_list_filename: ]
[machines: ]
[gpu_platform_id: -1]
[gpu_device_id: -1]
[gpu_use_dp: 0]
[num_gpu: 1]

end of parameters

pandas_categorical:[]
