tree
version=v4
num_class=1
num_tree_per_iteration=1
label_index=0
max_feature_idx=23
objective=lambdarank
feature_names=Column_0 Column_1 Column_2 Column_3 Column_4 Column_5 Column_6 Column_7 Column_8 Column_9 Column_10 Column_11 Column_12 Column_13 Column_14 Column_15 Column_16 Column_17 Column_18 Column_19 Column_20 Column_21 Column_22 Column_23
feature_infos=[1000:2600] [48:59] [2:11] [0:1] [0:2] [0:2] [0:2] [0:3] [0:5] [0:0.5] [0:1] [0:1] [0:1] [0:1] [0:1] [1:5] [6:16] [12.633333333333333:121.56153846153848] [1:16] [1.2:564.70000000000005] [2016:2023] none [5:6] [57.5:174.30000000000001]
tree_sizes=3391 3388 3393 3382 3394 3374 3401 3405 3400 3382 3381 3409 3360 3413 3394 3398 3398 3406 3393 3414

Tree=0
num_leaves=31
num_cat=0
split_feature=18 19 19 16 16 12 19 19 18 16 6 15 8 19 16 8 16 20 1 20 20 3 10 18 18 1 15 10 22 1
split_gain=134.35 18.6956 10.2176 6.26301 5.72213 5.5485 4.85585 4.37059 3.96579 4.31697 3.71651 3.44918 4.07721 5.73032 5.12411 3.10357 3.90989 2.97774 2.20014 2.08033 2.02056 1.7263 1.71831 1.6578 1.90424 2.56284 3.36208 1.80439 1.73856 1.64834
threshold=9.5000000000000018 8.1500000000000004 62.350000000000009 8.5000000000000018 15.500000000000002 0.29166666666666669 16.750000000000004 6.6500000000000012 5.5000000000000009 11.500000000000002 1.5000000000000002 1.5000000000000002 1.5000000000000002 4.3500000000000005 12.500000000000002 3.5000000000000004 14.500000000000002 2021.5000000000002 56.500000000000007 2021.5000000000002 2022.5000000000002 1.0000000180025095e-35 0.17846085802742148 15.500000000000002 11.500000000000002 54.500000000000007 1.5000000000000002 0.07032115171650051 5.5000000000000009 56.500000000000007
decision_type=2 2 2 2 2 2 2 2 2 2 2 2 2 2 2 2 2 2 2 2 2 2 2 2 2 2 2 2 2 2
left_child=1 4 10 -3 11 6 8 20 9 -5 -2 12 13 14 -1 22 -17 -15 -10 29 -6 -21 -8 24 25 -4 28 -26 -27 -12
right_child=2 3 23 5 7 -7 15 -9 18 -11 19 -13 -14 17 -16 16 -18 -19 -20 21 -22 -23 -24 -25 27 26 -28 -29 -30 -31
leaf_value=-0.070995729548447073 -0.0046064138013421118 -0.093586722367785147 0.058428029705538724 -0.073755792359594299 -0.06643664022634875 -0.081682872200548887 -0.0065235775721227511 0.050200584959146338 -0.060950975262479445 -0.00184590444025842 -0.034045719890006071 -0.085223728271665522 -0.076420404111642526 -0.021125283675063899 0.026277367098206203 -0.029461985881941051 0.017548581575457189 -0.089098780728542062 -0.0080129890489113783 0.021112593039582409 0.0014507663100221757 0.067249275134982772 0.022730454415274493 0.017047170790455601 0.026754318344657541 -0.055613622475126551 0.05787057258562555 0.066287061994356841 0.016818588945872136 0.047575323547852211
leaf_weight=1.9188550775870679 10.371739080175757 2.7099643999245009 11.35017429944128 2.466265164781368 2.9293049699626854 3.0993430826347312 8.3451234223321098 1.8242446861695496 9.9761130891274643 13.575242056977002 1.581240141298623 14.77296973147895 11.854259900283068 2.3959036276210099 4.59800093062222 15.381220082286747 6.2081685070879749 4.9193564113229513 2.4434313345700494 3.3513128608465177 1.7513669934123752 5.1328166462481022 12.596249906113369 2.5423577055335036 3.0961694307625285 1.4983015144243828 2.9137914613820612 42.604173109168187 1.853044911287725 1.0160136488266287
leaf_count=40 134 60 104 44 61 77 143 14 156 185 38 253 247 58 41 238 78 57 32 30 12 28 157 26 27 22 22 326 26 15
internal_value=-0.000620054 -0.0341246 0.0468734 -0.0189283 -0.0589755 -0.0161975 -0.0133386 -0.015449 -0.029324 -0.0129015 0.0169047 -0.0659735 -0.0549022 -0.0364608 -0.0023642 -0.00264134 -0.0159438 -0.066836 -0.0505359 0.0370383 -0.0410352 0.0490248 0.0110727 0.0566357 0.0582253 0.0442587 0.018589 0.0636087 -0.015564 -0.00211657
internal_weight=211.077 123.765 87.3111 76.8011 46.9643 74.0912 70.9918 6.50492 28.4611 16.0415 21.4531 40.4593 25.6864 13.8321 6.51686 42.5308 21.5894 7.31526 12.4195 11.0814 4.68067 8.48413 20.9414 65.858 63.3157 17.6153 6.26514 45.7003 3.35135 2.59725
internal_count=2751 1953 798 1170 783 1110 1033 87 417 229 245 696 443 196 81 616 316 115 188 111 73 58 300 553 527 174 70 353 48 53
is_linear=0
shrinkage=0.05


Tree=1
num_leaves=31
num_cat=0
split_feature=13 18 23 0 2 10 13 23 2 16 9 16 11 1 18 10 10 23 9 9 23 0 18 17 16 17 0 23 16 16
split_gain=268.671 86.4938 41.1533 43.097 31.3323 21.4315 20.305 17.8015 16.9781 16.2866 16.2704 16.2127 12.8378 12.6409 12.5367 11.9594 10.3509 9.96174 11.6588 9.09618 11.3144 26.704 10.9564 9.11566 8.43576 7.55788 6.75182 14.3122 6.92847 5.80693
threshold=0.36666666666666675 9.5000000000000018 109.15000000000002 1600.0000000000002 4.5000000000000009 0.18734335839598995 0.70833333333333337 107.75000000000001 4.5000000000000009 15.500000000000002 0.14651229273870783 12.500000000000002 0.025978407557354904 55.500000000000007 12.500000000000002 0.16064516129032258 0.24454200284765068 62.45000000000001 0.03608470181503886 0.12132352941176471 109.35000000000001 1750.0000000000002 6.5000000000000009 50.225274725274737 11.500000000000002 29.047857142857143 1750.0000000000002 123.95000000000002 13.500000000000002 13.500000000000002
decision_type=2 2 2 2 2 2 2 2 2 2 2 2 2 2 2 2 2 2 2 2 2 2 2 2 2 2 2 2 2 2
left_child=1 10 3 8 13 14 9 -6 17 12 19 -12 -2 -5 26 -10 -7 -3 -19 20 23 -22 -23 24 -1 -21 28 -28 -4 -18
right_child=6 2 5 4 7 16 -8 -9 15 -11 11 -13 -14 -15 -16 -17 29 18 -20 25 21 22 -24 -25 -26 -27 27 -29 -30 -31
leaf_value=-0.043890779959298444 -0.0043802045553592303 -0.0017791259814769142 0.083351090968139516 -0.068012802818740378 -0.012527495132289386 -0.011909953640719817 -0.096496554669219622 0.075553794006926189 0.031901539160329194 0.00030348101216298961 -0.04639471000356285 0.054148390633097135 -0.084779076354176502 -0.01451696101275822 0.068502445161594192 -0.043220376231684648 0.068422428382305278 0.013159755302949506 0.051068494513224538 0.014146920630725385 0.052566536323211677 -0.050978390816150666 0.0014534044019125156 -0.043010247753887815 -0.0021310100885679581 -0.062941749823884272 -0.01484219167231597 0.055011184961403531 0.031128737082612431 0.019441598166416361
leaf_weight=15.884731287136672 6.173785442486408 15.463216319680212 12.180933738127351 25.054413441568613 12.722892459481956 19.283089831471443 53.682411014102399 10.445894643664358 9.025369770824911 11.576123002916573 5.3439607713371542 16.056587105616927 25.361933622509241 19.745718240737915 77.732366219162941 12.828705340623854 9.1562881991267222 27.4225043207407 77.895358193665743 3.9259474948048618 19.329421228729188 16.00879735685885 26.38559134863317 37.168204622343183 50.668204694986343 16.722568701952696 14.318383838981392 15.0302209071815 13.271045833826065 17.842875827103853
leaf_count=101 32 41 21 70 35 43 492 16 26 44 46 70 203 34 92 36 20 54 110 21 70 143 135 262 269 132 38 31 24 40
internal_value=0.00129808 0.0138284 0.0277215 0.0127443 -0.0200213 0.0453614 -0.0759741 0.0271849 0.0283578 -0.0504198 -0.0122459 0.0290416 -0.0690393 -0.0444344 0.0555905 -0.0121963 0.0160694 0.0356957 0.0411979 -0.0169939 -0.0130887 0.00386118 -0.0183457 -0.0231754 -0.0120982 -0.0482847 0.0372755 0.0209316 0.0561216 0.0360526
internal_weight=693.708 596.913 389.419 210.604 67.9689 178.815 96.7943 23.1688 142.635 43.1118 207.494 21.4005 31.5357 44.8001 132.533 21.8541 46.2823 120.781 105.318 186.093 165.445 61.7238 42.3944 103.721 66.5529 20.6485 54.8006 29.3486 25.452 26.9992
internal_count=2751 1980 731 422 155 309 771 51 267 279 1249 116 235 104 206 62 103 205 164 1133 980 348 278 632 370 153 114 69 45 60
is_linear=0
shrinkage=0.05


Tree=2
num_leaves=31
num_cat=0
split_feature=18 13 13 16 16 9 9 17 8 18 17 11 18 11 17 17 22 17 11 15 0 9 6 15 15 10 18 9 20 10
split_gain=184.796 73.7518 41.3 16.1174 14.5374 12.3624 12.2589 11.7365 10.0875 8.49452 9.07578 9.6652 6.96254 7.52623 7.40236 9.10895 8.342 7.3328 6.81114 6.78707 6.1629 6.11041 12.6965 5.71539 5.51971 5.18475 5.15651 5.05798 3.97862 3.13541
threshold=9.5000000000000018 1.0000000180025095e-35 0.36666666666666675 15.500000000000002 9.5000000000000018 0.14651229273870783 0.12132352941176471 56.57500000000001 3.5000000000000004 6.5000000000000009 36.43437500000001 0.072478991596638606 11.500000000000002 0.086670838548185206 52.832142857142863 38.921428571428571 5.5000000000000009 94.450000000000017 0.025978407557354904 2.5000000000000004 1600.0000000000002 0.033520599250936305 1.5000000000000002 1.5000000000000002 1.5000000000000002 0.29669386002576215 7.5000000000000009 0.041213921901527957 2022.5000000000002 0.46610845295055825
decision_type=2 2 2 2 2 2 2 2 2 2 2 2 2 2 2 2 2 2 2 2 2 2 2 2 2 2 2 2 2 2
left_child=1 4 6 -3 26 9 12 28 -7 10 20 -12 13 17 15 16 -14 24 -4 25 -6 22 -16 -23 -2 -11 -1 -17 -5 -10
right_child=2 3 18 7 5 8 -8 -9 29 19 11 -13 14 -15 21 27 -18 -19 -20 -21 -22 23 -24 -25 -26 -27 -28 -29 -30 -31
leaf_value=-0.074764562288427941 2.7795254852924463e-05 -0.081853630708011368 -0.020431098576890693 -0.026708093266469862 0.023447654163456018 0.046258581596057891 -0.025871331928002325 -0.087271054914403901 0.0059386184796386167 -0.012363925738401876 -0.020630534110152296 -0.064075895138178615 0.041186128271059969 0.050544207055482494 0.030629493939910164 0.076706296671702409 -0.013742581890494885 0.062806624647680928 -0.092617053783004763 0.052498490171968282 -0.031410173419974673 0.043292477295479026 -0.049319136252274104 0.014704037183343616 0.027435423777998593 0.020817444332291275 -0.021005695755472523 0.046920869426583675 0.038770445715999892 -0.05740216108833586
leaf_weight=12.028951959684493 47.724149145185947 61.434224480763078 5.9478299636393768 4.1746290046721679 12.666231971234085 16.568069938570265 9.4595959763973934 4.6745061706751576 4.3676919974386683 73.72351597994566 33.410721452906728 20.75345266982913 30.252279233187437 18.18449604138732 15.671296186745169 25.156429413706064 8.9591218605637533 7.3575207293033591 7.2522283159196377 5.058274418115615 8.5931186340749246 56.757139142602682 7.2695209980010977 25.264659479260445 29.866515524685383 14.010015359148381 7.0896247252821913 32.885104112327099 5.2217753753066063 3.5350208394229412
leaf_count=107 175 672 22 35 55 51 47 48 22 371 204 156 73 35 40 34 23 11 45 12 81 99 23 38 70 65 37 63 10 27
internal_value=0.000908331 -0.0283692 0.0265532 -0.070798 -0.0132439 -0.00911777 0.0301862 -0.0225284 0.0240873 -0.0139482 -0.0264108 -0.037277 0.0319228 0.0213506 0.0373148 0.0472531 0.0286359 0.0151013 -0.0600907 -0.00381831 0.00127389 0.0281065 0.00529525 0.0344866 0.0105777 -0.00706525 -0.0548295 0.0598305 0.00967968 -0.0223948
internal_weight=615.318 287.31 328.008 75.5051 211.805 192.686 314.808 14.0709 24.4708 168.215 75.4235 54.1642 305.348 103.133 202.216 97.2529 39.2114 84.9482 13.2001 92.7918 21.2594 104.963 22.9408 82.0218 77.5907 87.7335 19.1186 58.0415 9.3964 7.90271
internal_count=2751 1953 798 765 1188 1044 731 93 100 944 496 360 684 291 393 193 96 256 67 448 136 200 63 137 245 436 144 97 45 49
is_linear=0
shrinkage=0.05


Tree=3
num_leaves=31
num_cat=0
split_feature=19 13 16 1 16 9 17 10 17 9 20 8 18 22 17 1 9 10 10 19 19 1 10 11 17 17 10 19 6 19
split_gain=157.688 70.3235 21.7733 12.3785 11.9727 10.6931 8.92366 11.246 16.3695 9.70383 8.91844 8.99639 7.47564 9.91165 12.5746 8.62191 7.24098 13.5484 7.03783 6.82185 7.82682 6.65827 6.65535 6.49691 6.25494 8.47513 9.08463 5.8432 5.47264 5.7465
threshold=61.300000000000004 1.0000000180025095e-35 12.500000000000002 57.500000000000007 15.500000000000002 0.056438791732909353 75.064285714285731 0.27126436781609192 64.318303571428586 0.056438791732909353 2022.5000000000002 3.5000000000000004 13.500000000000002 5.5000000000000009 52.832142857142863 54.500000000000007 0.03608470181503886 0.15504807692307693 0.15759905381431102 6.6500000000000012 10.450000000000001 53.500000000000007 0.19345238095238093 1.0000000180025095e-35 51.878282828282842 43.721875000000004 0.25873937103522743 223.45000000000002 1.5000000000000002 125.7
decision_type=2 2 2 2 2 2 2 2 2 2 2 2 2 2 2 2 2 2 2 2 2 2 2 2 2 2 2 2 2 2
left_child=1 2 24 6 -3 12 7 9 -9 -4 -7 -12 13 14 28 -14 17 -15 21 -6 -21 -16 -22 -8 25 -1 -27 -17 -2 -30
right_child=5 4 3 -5 19 10 23 8 -10 -11 11 -13 15 16 18 27 -18 -19 -20 20 22 -23 -24 -25 -26 26 -28 -29 29 -31
leaf_value=-0.037832424839050971 0.045020192372990757 -0.077973697680861057 -0.001999604089134307 0.050474101186026403 -0.088225154123985475 0.024736527672308477 0.010096594491252263 0.0029067754814110012 0.069017768941622912 -0.041414354267612127 -0.049114000518866899 0.01750930554054626 0.060797930695018577 0.051650069384290877 0.0046587810776557385 -0.005984979685563472 0.052190572317976726 -0.040684251385310871 0.021112910287862118 0.045360817395511871 0.016422009406625238 -0.060255509366212739 -0.082187468761502389 -0.056442797142802495 -0.073499944901082234 -0.034574314178422515 0.050927104402589657 0.046942869391727655 -0.028270009088580739 0.032868125879999828
leaf_weight=47.866920426487923 27.672973476350307 55.188351985998452 69.891877042129636 11.030446138232945 3.5014892648905507 40.269126469269395 5.1326143406331566 40.092479905113578 12.216338654980062 20.108721161261201 10.172895208001139 10.095626831054686 46.125870313495398 9.6727371290326136 6.8739063628017965 9.8237777277827281 48.054156040772796 6.7419460378587237 9.7678726725280267 4.2359614390879852 2.9539085533469915 9.287381846457718 4.0669062361121178 12.8604150544852 8.7583238128572685 6.1654293946921808 6.2621608525514603 11.114197827875612 6.430215708911418 9.553969241678713
leaf_count=346 63 697 342 30 43 133 20 192 33 140 26 18 70 22 29 26 77 29 33 14 16 40 32 79 77 32 19 18 31 24
internal_value=0.000954073 -0.023152 -0.0103129 -0.000759723 -0.0672763 0.0295446 -0.00428513 -9.03771e-05 0.0183465 -0.010806 0.0111212 -0.0159293 0.0350901 0.0282719 0.0151857 0.0487192 0.0423969 0.0137259 -0.0123939 -0.0272737 -0.00831436 -0.0326454 -0.0406989 -0.0374621 -0.0340161 -0.0282807 0.00850915 0.0221099 0.031566 0.0082731
internal_weight=571.989 310.332 240.386 171.333 69.9466 261.657 160.302 142.309 52.3088 90.0006 60.5376 20.2685 201.119 134.055 69.5863 67.0638 64.4688 16.4147 25.9292 14.7583 11.2568 16.1613 7.02081 17.993 69.0528 60.2945 12.4276 20.938 43.6572 15.9842
internal_count=2751 2112 1310 836 802 639 806 707 225 482 177 44 462 348 220 114 128 51 102 105 62 69 48 99 474 397 51 44 118 55
is_linear=0
shrinkage=0.05


Tree=4
num_leaves=31
num_cat=0
split_feature=18 13 13 23 19 15 23 3 18 17 16 19 19 6 17 23 17 23 23 19 23 11 2 19 23 19 16 8 7 23
split_gain=121.204 47.6057 26.2046 13.8731 14.1177 13.0866 12.3735 29.4121 12.0955 11.9891 9.41835 9.74262 8.74125 8.04642 7.74502 7.06492 16.0363 10.3162 9.40137 8.80823 12.1138 9.12829 8.66832 7.03978 7.42278 6.79874 6.67724 7.12421 6.33129 6.59378
threshold=9.5000000000000018 0.70833333333333337 0.36666666666666675 110.65000000000002 69.550000000000011 1.5000000000000002 109.35000000000001 1.0000000180025095e-35 6.5000000000000009 36.63883928571429 15.500000000000002 12.350000000000003 320.75000000000006 1.5000000000000002 38.681250000000013 104.45000000000002 53.22403846153847 109.15000000000002 90.450000000000017 132.10000000000002 69.050000000000011 0.054093567251461951 3.5000000000000004 69.550000000000011 108.15000000000002 55.550000000000004 9.5000000000000018 1.5000000000000002 1.5000000000000002 123.95000000000002
decision_type=2 2 2 2 2 2 2 2 2 2 2 2 2 2 2 2 2 2 2 2 2 2 2 2 2 2 2 2 2 2
left_child=1 5 3 15 14 6 9 -8 -9 26 11 -7 28 -12 -5 18 17 22 19 20 -2 -21 -17 -18 -25 -16 -1 -28 29 -6
right_child=2 -3 -4 4 12 10 7 8 -10 -11 13 -13 -14 -15 25 16 23 -19 -20 21 -22 -23 -24 24 -26 -27 27 -29 -30 -31
leaf_value=-0.056983991551051008 -0.016870362110037437 -0.083111828708638605 -0.058421713727942574 0.046918065331919542 0.00080998413490298367 -0.071290951984229689 0.049001375624967855 -0.063199478079358717 -5.2491794283522718e-05 -0.034509345572681809 0.026077866961847357 -0.027861872892034081 0.081477565905825292 -0.058144306755852117 -0.045375290911981093 -0.039418318034948344 0.024661377369395863 0.060537965798894137 0.052027289356834795 0.012186663588893714 0.041648019934362041 -0.049300767827065765 0.026101350813986825 -0.077990144779822024 -0.017345537029943684 0.024767934345526786 -0.015124382888868942 0.035624074633035317 0.058183760329822046 0.042491991127107887
leaf_weight=3.9353553727269199 11.337741822004316 31.074041238985956 9.6905548144131881 6.7322361711412695 14.524711214005945 20.671991787850857 26.004644602537155 11.578934370540081 21.975779611617327 55.458692490123212 9.8943721968680602 34.409446510486305 15.970205724239348 3.9752729944884768 8.8417305015027505 7.3445333689451244 5.9937075674533871 13.442753553390501 23.848560690879822 20.986055038869385 40.204268209636211 8.4732001423835737 16.145417340099812 7.2862668894231346 16.408598862588406 5.6699142903089514 12.664589516818523 15.234646545723081 29.815450351685286 27.361658301204443
leaf_count=36 52 463 67 23 30 241 88 135 113 388 46 261 19 30 44 41 18 23 46 47 98 25 54 27 52 19 87 65 55 58
internal_value=0.000499468 -0.0252504 0.0224145 0.0252084 0.0391633 -0.0169188 -0.00848192 0.00908887 -0.021843 -0.0204703 -0.0348878 -0.0441607 0.0480245 0.00193838 0.00259366 0.0163444 0.00361214 0.0256062 0.0244344 0.0163105 0.0287757 -0.00549862 0.00561551 -0.0237485 -0.035994 -0.0179693 0.00398698 0.0125873 0.0405735 0.0280381
internal_weight=536.955 246.878 290.078 280.387 108.916 215.804 146.853 59.5594 33.5547 87.2933 68.9511 55.0814 87.672 13.8696 21.2439 171.471 66.6213 36.9327 104.85 81.0013 51.542 29.4593 23.49 29.6886 23.6949 14.5116 31.8346 27.8992 71.7018 41.8864
internal_count=2751 1953 798 731 248 1490 912 336 248 576 578 502 162 76 86 483 215 118 268 222 150 72 95 97 79 63 188 152 143 88
is_linear=0
shrinkage=0.05


Tree=5
num_leaves=31
num_cat=0
split_feature=18 13 23 8 16 23 0 17 23 10 10 9 22 18 18 1 8 23 1 9 9 10 17 0 1 10 23 1 1 23
split_gain=93.2679 38.6578 16.6983 13.1181 12.2852 12.2081 45.5442 15.3495 10.2475 10.2607 9.2345 9.1834 8.67046 9.32068 8.61035 9.71913 10.9426 10.8549 10.743 7.78595 7.7659 7.28619 7.28553 7.04089 6.30622 5.55791 5.48113 5.2692 5.23744 4.96416
threshold=9.5000000000000018 0.70833333333333337 109.25000000000001 1.5000000000000002 12.500000000000002 109.65000000000002 1750.0000000000002 48.828571428571429 69.550000000000011 0.15504807692307693 0.13263888888888889 0.050633812847172707 5.5000000000000009 6.5000000000000009 13.500000000000002 53.500000000000007 3.5000000000000004 123.15000000000002 54.500000000000007 0.10404971932638325 0.033520599250936305 0.13263888888888889 45.295982142857149 1350.0000000000002 56.500000000000007 0.32882882882882886 90.450000000000017 54.500000000000007 53.500000000000007 111.25000000000001
decision_type=2 2 2 2 2 2 2 2 2 2 2 2 2 2 2 2 2 2 2 2 2 2 2 2 2 2 2 2 2 2
left_child=1 4 3 20 12 7 29 22 9 -5 26 -8 13 27 15 -4 18 -18 -17 21 -2 -15 24 25 -6 -9 -10 -1 -16 -7
right_child=2 -3 14 8 5 6 11 23 10 -11 -12 -13 -14 19 28 16 17 -19 -20 -21 -22 -23 -24 -25 -26 -27 -28 -29 -30 -31
leaf_value=-0.062547813108601122 0.018344153720200165 -0.07967320970362915 0.047649687009891667 0.028403564448001281 -0.020766751913990782 0.043651410186168201 0.0047800793757615014 -0.02889773816753979 -0.026482502943219251 -0.06274933865298872 0.034373929015946249 -0.053503454759914186 -0.057436760474044793 -0.042954546554079827 0.023386419109617217 -0.0070594583245476494 -0.042651685288190813 0.016204366665675186 0.057195950913020245 -0.058284452192200242 -0.023997953913986212 0.03092236393736756 0.039407746171498129 -0.0518988943453099 0.027569164374366392 0.058826348199260886 0.026370464792402223 -0.01006794749788445 0.0599369556972991 0.092419075588733524
leaf_weight=13.804123668000104 15.131289498880504 26.831121751107275 27.404812045395374 5.451577275991438 27.938791333697736 10.144340839236976 11.656889632344248 5.4302142262458784 11.7322840616107 7.118576237000525 64.635553408414125 16.083587490953505 23.781183708459139 4.2701124977320495 13.809224635362623 10.080117449164392 13.35630154237151 18.947308748960495 18.34107269346714 4.4809113424271336 38.085504479706287 15.281551437452434 9.8039650581777078 31.546613324433565 8.8966843560338003 2.7049902528524399 8.4300264455378038 7.3189075272530308 33.767045527696609 10.745822243392466
leaf_count=180 56 446 61 18 197 34 70 51 37 31 153 151 211 30 25 38 63 55 33 33 165 81 31 266 45 6 21 63 54 16
internal_value=0.000401893 -0.0232544 0.0194664 0.00800304 -0.0158299 -0.00705789 0.012978 -0.0183454 0.0189132 -0.023217 0.0251584 -0.029012 -0.0330022 -0.0201337 0.0321866 0.0229329 0.0117783 -0.00813035 0.0344065 0.00116315 -0.0119587 0.0147875 0.00110268 -0.0412035 -0.00909242 0.000270895 -0.00438425 -0.0443641 0.049328 0.0687373
internal_weight=517.011 230.72 286.291 150.585 203.889 134.952 48.6306 86.3213 97.368 12.5702 84.7979 27.7405 68.9368 45.1556 135.706 88.1296 60.7248 32.3036 28.4212 24.0326 53.2168 19.5517 46.6394 39.6818 36.8355 8.1352 20.1623 21.123 47.5763 20.8902
internal_count=2721 1911 810 481 1465 867 271 596 260 49 211 221 598 387 329 250 189 118 71 144 221 111 273 323 242 57 58 243 79 50
is_linear=0
shrinkage=0.05


Tree=6
num_leaves=31
num_cat=0
split_feature=19 13 23 23 0 23 2 9 13 19 17 0 23 20 17 23 0 20 0 23 19 19 19 15 9 22 17 19 19 22
split_gain=78.7649 36.6834 13.8413 10.0272 9.90044 38.4504 9.75432 8.44715 7.99618 7.92041 7.56336 6.71296 6.66489 6.63277 6.56668 5.77107 11.7598 5.74056 5.53302 13.5171 5.18779 4.66818 7.01511 4.64152 5.73161 4.10481 3.99089 3.87927 4.28828 4.77721
threshold=47.150000000000013 1.0000000180025095e-35 110.65000000000002 60.45000000000001 1750.0000000000002 110.75000000000001 2.5000000000000004 0.07669789227166271 0.70833333333333337 206.40000000000001 61.49687500000001 1600.0000000000002 90.050000000000011 2022.5000000000002 45.092857142857149 69.750000000000014 1350.0000000000002 2022.5000000000002 1750.0000000000002 123.15000000000002 22.550000000000004 6.6500000000000012 7.3500000000000005 1.5000000000000002 0.033520599250936305 5.5000000000000009 77.610714285714309 13.350000000000003 25.850000000000005 5.5000000000000009
decision_type=2 2 2 2 2 2 2 2 2 2 2 2 2 2 2 2 2 2 2 2 2 2 2 2 2 2 2 2 2 2
left_child=1 3 7 -1 5 6 -5 10 21 18 14 12 26 -13 23 -9 -17 -16 -4 -20 -8 -3 -23 24 -2 -18 -12 -6 -29 -30
right_child=2 8 9 4 27 -7 20 15 -10 -11 11 13 -14 -15 17 16 25 -19 19 -21 -22 22 -24 -25 -26 -27 -28 28 29 -31
leaf_value=-0.063107070809949414 -0.017451448952477893 -0.072378702535500453 0.047462872269866625 -0.05211139247268276 -0.048208142930480299 0.068194377942442944 -0.014149999385901705 -0.065598442166535417 -0.077121738806460727 0.051865556241011079 -0.037393793698255628 -0.06464471139279386 0.050574401870069868 -0.0016354570580303835 0.017600119953509546 0.040638295768247769 -0.063537554056241827 0.051659221123157031 -0.019305802384245091 0.034638724889020499 0.010518479742580862 0.050821739458178083 -0.03734784286031409 -0.019647695891288744 0.031808865689747619 -0.010084608463034991 0.01922544924751517 0.0031822155715522725 -0.010162327129739078 -0.064463113570286168
leaf_weight=8.4786359891295415 8.1112131960690039 7.5334221394732621 17.161480501294136 12.924821861088274 15.020202521234749 17.672508250921965 63.139781311154366 4.7001646161079433 25.791051680222154 36.829729683697224 5.8497166149318236 6.8497783038765201 8.277128051966427 10.702371619641781 23.837865301407874 8.8554999716579914 6.1262117493897668 25.720228582620621 18.513542335480452 31.153333000838757 32.172343356534839 2.5742124728858498 18.249401871114969 10.95405146665871 21.710311306640506 8.6810402879491448 6.6508203595876694 13.993050672113897 9.0329184699803609 7.3431830368936053
leaf_count=70 38 118 36 114 175 40 417 23 453 60 26 41 22 25 81 19 31 31 89 91 155 8 179 44 69 41 21 97 59 48
internal_value=0.000166621 -0.0208966 0.0190677 -0.0100301 -0.00740294 -0.000185756 -0.0113506 0.00970684 -0.0569745 0.033248 0.0151517 -0.00345873 0.0157733 -0.026225 0.0230484 -0.0149928 -0.00494097 0.0352765 0.0229876 0.0145307 -0.00582322 -0.0386503 -0.0264483 0.00818642 0.0184105 -0.0321997 -0.00726993 -0.0274233 -0.0171434 -0.0345113
internal_weight=494.61 233.926 260.684 179.777 171.299 125.909 108.237 157.026 54.1481 103.658 128.663 38.3298 20.7777 17.5521 90.3337 28.3629 23.6628 49.5581 66.8284 49.6669 95.3121 28.357 20.8236 40.7756 29.8215 14.8073 12.5005 45.3894 30.3692 16.3761
internal_count=2721 1933 788 1175 1105 726 686 512 758 276 398 135 69 66 263 114 91 112 216 180 572 305 187 151 107 72 47 379 204 107
is_linear=0
shrinkage=0.05


Tree=7
num_leaves=31
num_cat=0
split_feature=19 13 13 19 9 2 1 11 11 15 10 10 10 4 9 17 9 19 17 10 15 2 17 17 2 8 2 11 22 10
split_gain=64.6188 21.9777 14.682 10.5997 11.1395 10.0649 8.88366 6.5307 7.39059 6.30391 6.00626 6.38726 5.71333 8.59925 9.52827 5.70734 7.10861 5.0339 5.16633 4.82989 4.64309 4.46015 4.42002 6.37819 5.01822 4.89763 4.28551 3.2719 3.26911 2.9078
threshold=21.750000000000004 0.70833333333333337 0.36666666666666675 69.550000000000011 0.14651229273870783 2.5000000000000004 55.500000000000007 0.024725274725274703 0.12220381110190555 1.5000000000000002 0.21825396825396823 0.17349498327759191 0.13118961352657002 1.0000000180025095e-35 0.047065337763012159 90.522619047619074 0.07669789227166271 110.10000000000001 52.832142857142863 0.13118961352657002 1.5000000000000002 4.5000000000000009 27.630000000000003 29.047857142857143 3.5000000000000004 3.5000000000000004 3.5000000000000004 0.059411764705882351 5.5000000000000009 0.26206005414718198
decision_type=2 2 2 2 2 2 2 2 2 2 2 2 2 2 2 2 2 2 2 2 2 2 2 2 2 2 2 2 2 2
left_child=1 9 3 4 5 -2 12 20 -9 22 11 -4 13 -5 -15 16 -14 18 -8 -19 -7 -21 -1 -24 25 -25 27 -11 -26 -28
right_child=2 -3 10 6 -6 7 17 8 -10 26 -12 -13 15 14 -16 -17 -18 19 -20 21 -22 -23 23 24 28 -27 29 -29 -30 -31
leaf_value=-0.045867415323740134 -0.048496493164418786 -0.074337115854292923 -0.044926009394914854 0.063429679207635759 0.080370567311782423 -0.035898695819539896 0.0045384825091287426 0.015802801018767229 -0.032848663298804655 -0.029333349926966928 -0.079719857154481794 0.032835106587228977 0.03668863997760969 0.01522025280149584 -0.052734489636973331 0.06772787885476414 -0.0031399996937728014 0.045188119955963515 -0.057388752949682459 0.017394390833559443 0.019600822104250855 -0.023078336413954861 0.046946244894681841 -0.007592561618261425 -0.014429721150009157 -0.039004026366288802 -0.034908061279518343 -0.067562143787739212 0.027524493581490363 0.0046837451687074027
leaf_weight=8.4089166726917011 9.7460618568584305 21.079636758659035 6.5277705658227188 7.1551109142601481 4.4908873364329329 14.411510577425362 8.1387371458113176 74.948826972395182 8.7134999167174083 10.381813785992565 4.9728010306134811 4.4348546080291271 75.631961062550545 29.660422613844275 6.2443886399269095 11.853059682995079 13.150980178266762 9.4087567329406721 5.7454091347753993 21.046245243400339 5.1028681993484488 10.061359632760285 4.9953093491494647 32.909114731475711 7.8459602687507877 19.921264912933111 10.630320742726328 12.144263505004345 11.374772047623992 8.2265110928565246
leaf_count=89 86 411 52 17 10 90 30 311 57 102 67 25 180 90 20 18 60 20 25 54 26 30 20 208 71 183 92 169 53 55
internal_value=0.000419015 -0.0270607 0.0126827 0.0150477 0.00314381 7.25339e-05 0.0221033 0.00466036 0.0107357 -0.0192037 -0.0341427 -0.0134683 0.0286182 0.0133765 0.0034019 0.0351397 0.030789 0.00489457 -0.0210877 0.0137982 -0.021386 0.004304 -0.0114468 -0.00769008 -0.011478 -0.0194372 -0.0352218 -0.0499433 0.0103987 -0.0176357
internal_weight=479.363 147.918 331.446 315.51 117.414 112.923 198.096 103.177 83.6623 126.838 15.9354 10.9626 143.696 43.0599 35.9048 100.636 88.7829 54.4005 13.8841 40.5164 19.5144 31.1076 85.4553 77.0464 72.0511 52.8304 41.3829 22.5261 19.2207 18.8568
internal_count=2721 1453 1268 1124 580 570 544 484 368 1042 144 77 385 127 110 258 240 159 55 104 116 84 624 535 515 391 418 271 124 147
is_linear=0
shrinkage=0.05


Tree=8
num_leaves=31
num_cat=0
split_feature=18 23 13 8 23 3 23 7 16 16 2 15 16 18 9 17 9 6 23 7 23 1 17 16 23 9 23 17 23 3
split_gain=65.4648 20.8946 19.0859 14.5294 9.3234 8.24691 14.0411 9.16361 8.10404 7.92273 9.40824 7.75764 8.32626 7.23868 6.62729 6.50079 6.33671 5.79351 5.58364 5.58223 7.35186 5.48353 7.89345 5.40599 4.79287 4.59748 4.52651 9.96054 4.3211 10.2367
threshold=7.5000000000000009 109.25000000000001 0.70833333333333337 1.5000000000000002 60.45000000000001 1.0000000180025095e-35 122.95000000000002 1.5000000000000002 12.500000000000002 13.500000000000002 3.5000000000000004 1.5000000000000002 10.500000000000002 10.500000000000002 0.099481987285142459 38.178750000000008 0.021482277121374852 1.5000000000000002 91.15000000000002 1.0000000180025095e-35 163.80000000000004 53.500000000000007 50.382417582417588 13.500000000000002 107.75000000000001 0.056438791732909353 124.25000000000001 60.576682692307699 109.95000000000002 1.0000000180025095e-35
decision_type=2 2 2 2 2 2 2 2 2 2 2 2 2 2 2 2 2 2 2 2 2 2 2 2 2 2 2 2 2 2
left_child=2 3 11 4 -2 8 7 17 25 16 -11 12 -1 18 15 -15 -6 -7 21 20 -8 -5 -23 -17 -12 -3 27 -21 -14 -30
right_child=1 5 -4 13 9 6 19 -9 -10 10 24 -13 28 14 -16 23 -18 -19 -20 26 -22 22 -24 -25 -26 -27 -28 -29 29 -31
leaf_value=-0.057156586799344322 -0.080159429248594288 -0.030069677797302675 -0.072317450392966887 0.035687984926063746 0.044586400830439209 -0.011484893709761371 -0.031550649892318802 0.019105874254336894 0.050185570117338076 -0.058250680244977482 -0.026291633987563387 -0.037967679979697085 -0.013555712652118166 -0.018259959893548922 0.053397694236008701 -0.0091944950646420595 -0.0072412298447925407 -0.071979150468104811 -0.046053549133271823 0.056365143172619307 0.037477893831649504 0.006851628806017647 -0.077978001074110737 0.031563589632369236 0.030260382100324702 0.035801671056271439 0.058588583204216851 -0.019014299933319986 0.051842464354139167 -0.016973745913713246
leaf_weight=8.8263777559623104 5.3726241290569297 5.4462371645495278 20.17826027283445 8.7705537416040951 8.1063180230557936 10.598328487947585 6.7828189320862284 15.543025655671952 48.914724756032228 14.615778520703318 8.7845394015312177 40.087327547837049 52.940572364255786 12.107823729515074 13.372401056811212 10.383106362074612 21.646173651330173 6.3166668601334086 7.1530642667785278 10.362845443189146 8.9429920949041826 10.99856157414615 3.6531133577227584 37.584475601091981 6.532914273440837 5.1572769479826093 21.242769857868552 7.5939253196120253 9.5257645640522242 12.489424237981439
leaf_count=98 40 25 419 38 28 53 31 67 105 93 48 442 381 42 34 33 119 41 51 27 26 61 26 94 20 21 52 34 42 130
internal_value=0.000711718 0.0134468 -0.027224 0.00146228 -0.0170713 0.0272408 0.0174636 -0.00860884 0.0415954 -0.0113924 -0.0295541 -0.0198783 -0.011223 0.0130536 0.0215636 0.0144776 0.00687965 -0.0340756 -0.00738914 0.0328711 0.00770467 0.00441884 -0.014299 0.0227411 -0.00217212 0.00196845 0.0429672 0.0244871 -0.0058141 0.0128024
internal_weight=460.031 315.983 144.048 169.081 65.0583 146.902 87.3834 32.458 59.5182 59.6857 29.9332 123.869 83.7821 104.023 73.4478 60.0754 29.7525 16.915 30.5753 54.9254 15.7258 23.4222 14.6517 47.9676 15.3175 10.6035 39.1995 17.9568 74.9558 22.0152
internal_count=2721 1209 1512 727 348 482 331 161 151 308 161 1093 651 379 203 169 147 94 176 170 57 125 87 127 68 46 113 61 553 172
is_linear=0
shrinkage=0.05


Tree=9
num_leaves=31
num_cat=0
split_feature=13 16 23 0 2 0 11 23 16 23 23 23 9 0 23 1 23 10 0 23 23 10 0 23 20 23 23 20 10 9
split_gain=50.5152 27.774 16.5331 16.955 15.8952 13.9741 11.744 10.238 9.1863 7.20969 6.76537 6.38561 7.22776 6.13659 9.82359 5.88841 5.45568 5.42286 5.3566 18.0933 5.11471 5.01632 4.84573 11.0677 4.73138 4.40091 4.10653 3.99946 3.93844 3.27934
threshold=0.70833333333333337 12.500000000000002 109.25000000000001 1600.0000000000002 3.5000000000000004 1750.0000000000002 0.10172413793103446 60.650000000000013 9.5000000000000018 69.550000000000011 110.75000000000001 107.75000000000001 0.03608470181503886 1100.0000000000002 113.65000000000002 54.500000000000007 61.850000000000001 0.13809523809523808 1350.0000000000002 89.450000000000017 70.450000000000017 0.13263888888888889 2500.0000000000005 124.25000000000001 2022.5000000000002 162.45000000000002 164.95000000000002 2019.0000000000002 0.18301435406698563 0.033520599250936305
decision_type=2 2 2 2 2 2 2 2 2 2 2 2 2 2 2 2 2 2 2 2 2 2 2 2 2 2 2 2 2 2
left_child=1 7 3 9 -5 10 22 27 -9 24 21 12 -6 16 15 -15 17 -10 20 -20 -11 -4 23 -7 29 -8 -24 -1 -23 -3
right_child=-2 2 5 4 11 6 25 8 13 18 -12 -13 -14 14 -16 -17 -18 -19 19 -21 -22 28 26 -25 -26 -27 -28 -29 -30 -31
leaf_value=-0.011055162530269794 -0.071986118108747263 -6.2282235355924783e-05 -0.01018284026423099 -0.040707726606254879 -0.066947696993009245 0.0095101228707581576 -0.047453221838023418 -0.046674205451138318 0.05205335735031548 0.013495062362941996 0.058138842058726263 0.029907288925404282 0.0028546818020542455 -0.011698912176663521 0.016772890191583123 -0.054723509980061716 0.069906793224420047 -0.022140804691769923 -0.057322164972387249 0.023575829351850361 0.047319457326643721 0.055998004360279845 -0.037031688021209187 0.05442930318890226 0.012039445728528716 0.025422958037291651 0.021688377335064457 -0.073992464762883348 0.0097637948418022036 -0.059207344114576899
leaf_weight=3.323121008463203 22.712651835288852 3.7204134203493595 7.6049718260765102 36.104315569624305 4.6689444873482016 40.776854296214879 10.30094611039385 15.793343462981282 3.8240199796855432 20.216200431808829 32.376379849389195 15.78192227706313 18.028914831578732 20.091149961575866 18.439209560863674 13.162542949430643 4.4886645749211302 6.9186460617929697 8.6062249792739731 35.102466563694179 24.994265511631966 11.681800721213223 6.4988251421600562 20.661216305568814 9.3890866003930569 2.5931332707405081 5.4949450986459851 10.499559618532656 7.6046601533889762 6.3330825138837099
leaf_count=46 471 17 25 296 37 201 87 163 15 78 61 51 96 165 120 104 11 42 63 141 81 23 37 54 28 10 19 88 36 55
internal_value=0.000665253 0.00454712 0.0114752 0.00146918 -0.0168781 0.0240483 0.0112133 -0.0190302 -0.012374 0.0140974 0.0427431 0.00548044 -0.0115037 -0.00427961 -0.0124982 -0.028729 0.023613 0.00426977 0.0201281 0.00764704 0.0321946 0.0242073 0.0189411 0.0246161 -0.0134837 -0.0327971 -0.0101291 -0.0588617 0.0377678 -0.03732
internal_weight=447.792 425.08 328.54 182.946 74.5841 145.594 86.3259 96.5403 82.7176 108.362 59.2678 38.4798 22.6979 66.9242 51.6929 33.2537 15.2313 10.7427 88.9192 43.7087 45.2105 26.8914 73.4318 61.4381 19.4426 12.8941 11.9938 13.8227 19.2865 10.0535
internal_count=2721 2250 1496 943 480 553 408 754 620 463 145 184 133 457 389 269 68 57 363 204 159 84 311 255 100 97 56 134 59 72
is_linear=0
shrinkage=0.05


Tree=10
num_leaves=31
num_cat=0
split_feature=18 23 0 23 0 23 0 23 16 23 18 10 19 4 16 9 20 9 20 23 18 10 20 23 2 19 23 16 2 23
split_gain=48.5826 13.3098 13.6313 11.447 41.3811 8.83754 7.38589 7.03772 6.60101 6.54326 6.39389 6.22226 9.88932 5.21657 4.75065 4.58806 4.56199 4.50397 4.24004 5.5064 4.10138 3.27781 3.06581 3.36271 3.05374 2.90363 6.86999 5.84529 4.48831 3.72443
threshold=9.5000000000000018 109.25000000000001 1600.0000000000002 109.15000000000002 1750.0000000000002 90.050000000000011 1350.0000000000002 70.350000000000009 14.500000000000002 111.25000000000001 6.5000000000000009 0.17846085802742148 200.65000000000001 1.0000000180025095e-35 13.500000000000002 0.099481987285142459 2021.5000000000002 0.11651583710407236 2022.5000000000002 69.65000000000002 7.5000000000000009 0.13118961352657002 2021.5000000000002 123.15000000000002 2.5000000000000004 11.15 91.15000000000002 11.500000000000002 4.5000000000000009 107.05000000000001
decision_type=2 2 2 2 2 2 2 2 2 2 2 2 2 2 2 2 2 2 2 2 2 2 2 2 2 2 2 2 2 2
left_child=3 2 5 8 9 6 7 16 25 17 -6 -3 14 -9 -13 21 -2 20 19 -10 -5 -12 23 -16 -7 29 27 -27 -28 -1
right_child=1 11 -4 4 10 24 -8 13 18 -11 15 12 -14 -15 22 -17 -18 -19 -20 -21 -22 -23 -24 -25 -26 26 28 -29 -30 -31
leaf_value=-0.05099764866018297 -0.030598607730667783 0.035606292791502896 -0.021178683200277298 -0.028206053894728845 -0.04982630091160907 0.017616104773996524 -0.043945480715731157 0.0037724870247220262 -0.060428317384324248 0.070094686121936756 -0.05071640733164548 0.023157178002377782 0.057750855250564372 0.055070671971707411 -0.026142985543960912 -0.0528112788515561 0.0096663261151990754 0.055481067642492193 0.026259723270885417 0.012712276984266024 0.029332924380371762 0.0085881675200569548 -0.037335362537769375 0.040706087338077533 0.054349804457182661 -0.042690100408573801 -0.051061628039046597 0.0064755772217375933 -0.0022587404914525015 -0.020292079277216366
leaf_weight=31.654454627074301 10.421367278322576 79.327673375606537 37.161806860007346 5.2387241497635859 24.890944191254675 9.0121696535497922 6.8622300252318373 8.3858852162957191 4.8203207235783339 12.124977894127367 2.7658101357519689 10.436698060482742 8.5665765255689603 12.116453241556883 4.0756886946037438 5.5786543078720561 21.646265435963869 7.0882955500856033 8.516202412545681 5.5202594185248017 7.5755735449492931 14.785323722288011 10.145189963281153 3.4938957747071981 15.200307099148629 8.4702122416347283 24.170146127697084 21.116955239325762 5.8518378762528291 14.353767070919274
leaf_count=417 71 197 195 40 387 26 34 24 63 30 22 31 17 29 30 53 61 24 25 51 29 102 43 16 34 76 244 153 40 164
internal_value=0.000221176 0.015636 0.00401922 -0.0176303 -0.00287976 0.0152142 0.0048407 0.011209 -0.0271163 0.04114 -0.0322388 0.0277294 0.0107116 0.0340886 -0.00360257 -0.0133122 -0.00341901 0.0235003 0.000133868 -0.0213826 0.00580992 -0.000757394 -0.0193681 0.00471256 0.0406771 -0.0319815 -0.0246981 -0.00759957 -0.041549 -0.041418
internal_weight=441.375 236.852 120.806 204.522 80.0483 83.6447 59.4322 52.57 124.474 32.0276 48.0207 116.046 36.718 20.5023 28.1515 23.1298 32.0676 19.9026 18.8568 10.3406 12.8143 17.5511 17.7148 7.56958 24.2125 105.617 59.6092 29.5872 30.022 46.0082
internal_count=2728 808 474 1920 687 279 219 185 1233 123 564 334 137 53 120 177 132 93 139 114 69 124 89 46 60 1094 513 229 284 581
is_linear=0
shrinkage=0.05


Tree=11
num_leaves=31
num_cat=0
split_feature=13 19 16 17 9 13 13 9 1 9 11 19 17 9 19 1 9 10 17 11 16 1 11 9 15 17 20 19 8 15
split_gain=49.8286 18.6377 13.4811 10.4249 8.07273 7.44905 8.44991 5.03159 5.00103 4.04564 3.8265 3.54342 5.31606 7.629 7.71686 6.74529 5.25044 4.94294 3.81713 3.47321 3.19762 3.50926 2.94111 2.66067 3.69087 2.32044 1.87838 3.43131 1.85603 1.09076
threshold=0.36666666666666675 80.800000000000026 11.500000000000002 79.645673076923089 0.14651229273870783 0.70833333333333337 0.63333333333333341 0.12132352941176471 57.500000000000007 0.012896825396825353 0.19375000000000003 420.50000000000006 59.030384615384627 0.033520599250936305 280.05000000000001 51.500000000000007 0.042791762013729959 0.15759905381431102 78.225892857142867 1.0000000180025095e-35 11.500000000000002 56.500000000000007 0.13397435897435897 0.090097402597402565 1.5000000000000002 38.76250000000001 2021.5000000000002 18.250000000000004 1.0000000180025095e-35 2.5000000000000004
decision_type=2 2 2 2 2 2 2 2 2 2 2 2 2 2 2 2 2 2 2 2 2 2 2 2 2 2 2 2 2 2
left_child=1 2 23 4 7 6 9 8 -4 -2 -6 12 15 14 18 -3 -15 -18 -14 -5 25 -22 -9 24 26 -17 -1 -28 -11 -26
right_child=5 11 3 19 10 -7 -8 22 -10 28 -12 -13 13 16 -16 20 17 -19 -20 -21 21 -23 -24 -25 29 -27 27 -29 -30 -31
leaf_value=-0.037494447177771784 0.014022582221639541 0.054261010845210303 0.00099626267549189672 -0.0047250316084939317 0.059426085290952307 -0.069884925706031706 0.028317395538574354 -0.050346560527653829 0.036023644904794989 -0.001207497820967572 0.012469968517206755 0.049523676696508062 -0.024660842815901543 0.047114679553391769 -0.073141004082384456 -0.028080380389101735 -0.016919020291969965 0.0238990090270957 0.033235220055964201 -0.059321657194778957 0.028352152274173523 -0.00024367320129941653 -0.003557949858619726 -0.060737951942683499 -0.074255030505627914 0.017099990957729298 -0.037766436873591686 0.028302610138177937 -0.059354626403829935 -0.029645450931358758
leaf_weight=4.3857192033901873 2.524289306253201 15.857305578887461 140.87976182810962 4.317815411835908 8.9874395430088061 22.142544250935316 4.9801039630547157 7.1416845126077515 10.984785754233597 1.5120581276714808 8.3879442736506444 8.9807345625013095 6.7567001879215258 10.667527191340922 5.2731915842741719 5.8165411204099637 13.02881536819041 17.219215819612145 4.919989425688982 8.9532712865620834 53.890389863401651 13.395651150494812 6.3407049234956503 8.0121716773137432 3.8989981003105632 5.5570339933037758 3.1887743733823282 5.1214547902345657 14.854347954504192 2.1128378808498383
leaf_count=66 20 33 888 18 28 480 31 77 37 15 64 17 32 24 17 25 43 54 17 69 151 40 52 92 39 20 26 24 208 21
internal_value=0.000172756 0.0060634 -0.00331193 0.00123018 0.0043379 -0.0489969 -0.0296211 0.000931049 0.00352989 -0.0448953 0.0367581 0.0190032 0.0172045 0.00526893 -0.0229379 0.0245117 0.0169541 0.00631735 -0.000266256 -0.0415584 0.0185144 0.0226591 -0.0283421 -0.0366287 -0.0263032 -0.00600563 -0.0110207 0.00295081 -0.0539825 -0.0585772
internal_weight=430.09 384.076 222.713 195.993 182.722 46.0133 23.8708 165.347 151.865 18.8907 17.3754 161.363 152.382 57.8654 16.9499 94.5169 40.9156 30.248 11.6767 13.2711 78.6596 67.286 13.4824 26.72 18.7078 11.3736 12.6959 8.31023 16.3664 6.01184
internal_count=2728 1974 1501 1233 1146 754 274 1054 925 243 92 473 456 187 66 269 121 97 49 87 236 191 129 268 176 45 116 50 223 60
is_linear=0
shrinkage=0.05


Tree=12
num_leaves=31
num_cat=0
split_feature=13 23 0 23 0 18 1 23 23 17 2 23 13 13 2 17 23 17 19 23 17 23 23 1 19 18 18 1 5 23
split_gain=44.367 19.8226 13.6297 11.9091 9.87283 20.6852 8.70536 8.36026 7.79398 8.94841 6.97467 7.96861 6.54289 6.78047 5.59361 5.52612 5.25917 6.3096 5.67531 4.68511 3.65799 3.5817 3.38907 3.80057 6.01219 3.22256 3.08405 2.72169 2.67691 2.67625
threshold=0.36666666666666675 109.25000000000001 1600.0000000000002 60.650000000000013 1750.0000000000002 9.5000000000000018 54.500000000000007 93.700000000000003 110.75000000000001 72.732142857142861 2.5000000000000004 90.450000000000017 0.70833333333333337 0.63333333333333341 3.5000000000000004 69.980769230769241 124.05000000000001 60.576682692307699 125.7 108.35000000000001 54.814583333333339 106.15000000000002 113.65000000000002 54.500000000000007 10.15 10.500000000000002 5.5000000000000009 55.500000000000007 1.0000000180025095e-35 105.75000000000001
decision_type=2 2 2 2 2 2 2 2 2 2 2 2 2 2 2 2 2 2 2 2 2 2 2 2 2 2 2 2 2 2
left_child=1 2 3 27 8 22 19 10 9 14 26 -12 13 29 28 21 17 18 -7 -4 -18 -8 -6 24 -24 -10 -5 -1 -3 -2
right_child=12 4 6 7 5 16 15 -9 25 -11 11 -13 -14 -15 -16 -17 20 -19 -20 -21 -22 -23 23 -25 -26 -27 -28 -29 -30 -31
leaf_value=-0.061240637412351639 -0.069390176092247166 -0.0015666359702058892 -0.065031934464245503 -0.067026084991358523 -0.053518905271981138 0.0017146892158399754 -0.047504902727700034 0.068404439919403565 0.062094746108451948 -0.041025971804934516 0.0058090003537140701 0.047688425610291199 -0.068158823369339164 0.022684176173267626 0.068947204387768579 -0.054297560017469285 0.019780031814441896 -0.022544003952570627 0.052407660374991422 -0.022076814556239319 0.05315916912398061 0.0028263571784135789 -0.054698205126094662 -0.035553630915502898 0.018165167038734276 0.032598129549366896 -0.013006878434515506 -0.015197459131852931 0.035041572448027289 -0.0289651341218672
leaf_weight=7.2820044644176942 6.4319550329819384 11.352403793483976 14.220052245073022 3.3939731223508707 7.052597069181501 11.852504929527642 3.9390009418129912 5.7143305446952573 19.915010526776314 5.870769713073968 87.619455240666866 13.050261005759237 20.624229926615953 4.9227784471586338 6.1588212326169005 5.9048498477786771 14.412603009492157 9.9778654463589174 10.335991829633711 11.466661019250749 19.065717022866011 34.438569013029337 3.680203843861821 12.39608092792332 12.270485536195336 17.306522771716118 11.928499122150241 5.7391371242702007 8.9152063466608524 11.264287907630203
leaf_count=73 93 58 137 49 91 55 33 17 47 27 410 41 480 31 12 46 44 47 20 88 45 187 47 129 95 38 74 40 24 150
internal_value=0.000166582 0.00569301 -0.00479689 0.00450094 0.0182822 0.00830419 -0.0227002 0.00936331 0.032785 0.0148123 0.00645466 0.011238 -0.047791 -0.0292195 0.0272171 -0.0092679 0.024917 0.0104789 0.0253288 -0.0458566 0.0387893 -0.00233955 -0.0225026 -0.0147858 0.00135385 0.04838 -0.0249723 -0.0409469 0.0145364 -0.0436582
internal_weight=418.503 375.26 204.697 134.728 170.563 101.044 69.9691 121.707 69.5187 32.2972 115.992 100.67 43.2433 22.619 26.4264 44.2824 65.6447 32.1664 22.1885 25.6867 33.4783 38.3776 35.3994 28.3468 15.9507 37.2215 15.3225 13.0211 20.2676 17.6962
internal_count=2728 1974 1195 704 779 573 491 591 206 121 574 451 754 274 94 266 211 122 75 225 89 220 362 271 142 85 123 113 82 243
is_linear=0
shrinkage=0.05


Tree=13
num_leaves=31
num_cat=0
split_feature=13 19 16 13 9 13 1 11 17 17 17 1 9 10 9 20 10 11 9 4 9 1 4 1 9 10 19 11 9 2
split_gain=37.9187 19.426 10.3075 6.67604 5.56925 5.52937 4.94404 3.98667 3.82394 3.42176 3.48719 4.6277 4.23109 3.39082 3.35969 3.20546 3.16629 3.1205 4.62926 3.03058 2.53432 2.50127 1.91738 1.39096 1.79529 3.47167 1.18412 0.540641 0.878748 0.521139
threshold=0.36666666666666675 69.550000000000011 11.500000000000002 0.70833333333333337 0.14651229273870783 0.63333333333333341 57.500000000000007 0.19375000000000003 79.645673076923089 99.350000000000009 61.49687500000001 51.500000000000007 0.033520599250936305 0.15894736842105264 0.012896825396825353 2021.5000000000002 0.10070850202429146 0.025978407557354904 0.056438791732909353 1.0000000180025095e-35 0.066081498999454216 53.500000000000007 1.0000000180025095e-35 54.500000000000007 0.090097402597402565 0.24638060352346061 24.750000000000004 0.10172413793103446 0.13048835125448027 3.5000000000000004
decision_type=2 2 2 2 2 2 2 2 2 2 2 2 2 2 2 2 2 2 2 2 2 2 2 2 2 2 2 2 2 2
left_child=1 2 16 5 6 14 8 -6 13 10 11 -3 15 -4 -2 -12 -1 -14 -19 -13 -21 -10 -16 24 25 -18 -8 -24 -29 -9
right_child=3 9 4 -5 7 -7 26 29 21 -11 12 19 17 -15 22 -17 23 18 -20 20 -22 -23 27 -25 -26 -27 -28 28 -30 -31
leaf_value=0.018474918368981793 0.013872047045054346 0.045461981289402709 0.0066129505094246954 -0.066700300078206987 0.050807811427570508 0.019900574196311253 0.012737294153436133 -0.0063342180640505053 -0.00200866525674311 0.044866481940344344 4.0279798878813415e-05 0.040411566623915381 0.045728545568683061 -0.0096009361842058216 -0.0085419553522490827 -0.054698384619572951 -0.040853608454099327 0.019453232432371591 -0.02367054332739809 0.016915501561563996 -0.009276269452095592 -0.053315308298570112 -0.065958135717862965 -0.055429573648613596 -0.062934190786545344 0.02473937556171656 0.044322859368634178 -0.022335946508765355 -0.06531301402722077 0.02047038096653531
leaf_weight=2.4570257449522641 2.4724832009524169 16.893031395971775 50.165111724287271 19.23362747207284 8.4885295685380715 4.9933519605547181 6.361764280125497 5.7117667999118549 3.6695323865860683 11.331222802400587 6.708887802436946 11.774908438324927 6.2003940120339385 90.270811021327972 2.4139729626476809 4.4474859684705734 6.009057719260456 21.142532806843523 8.8191517218947393 63.597886394709349 10.804827446117995 6.7361974641680717 7.2611170588061142 9.7674492951482517 3.0981473922729483 3.0367078417912126 5.5610847249627113 2.3298450838774443 2.4298888454213738 2.6567677855491638
leaf_count=16 20 36 297 480 29 31 28 44 22 27 38 34 14 667 27 21 76 59 44 203 56 56 116 94 51 24 15 34 46 23
internal_value=0.000308557 0.00542792 -0.00483265 -0.0452059 -0.000692869 -0.026329 -0.00352622 0.0266647 -0.00597619 0.0183703 0.016374 0.0215328 0.00513693 -0.00380917 -0.0399824 -0.0217813 -0.0353473 0.0134415 0.00675985 0.016842 0.0131119 -0.0352223 -0.0492069 -0.0413827 -0.0300846 -0.0188337 0.0274695 -0.057373 -0.0442761 0.00217547
internal_weight=406.845 365.71 203.99 41.1343 179.622 21.9007 162.765 16.8571 150.842 161.72 150.389 103.071 47.3185 140.436 16.9073 11.1564 24.3684 36.1621 29.9617 86.1776 74.4027 10.4057 14.4348 21.9114 12.1439 9.04577 11.9228 12.0209 4.75973 8.36853
internal_count=2728 1974 1442 754 1181 274 1085 96 1042 532 505 329 176 964 243 59 261 117 103 293 259 78 223 245 151 100 43 196 80 67
is_linear=0
shrinkage=0.05


Tree=14
num_leaves=31
num_cat=0
split_feature=13 23 16 0 23 2 19 23 13 16 23 9 17 0 11 23 23 17 17 13 23 11 23 2 16 19 20 22 19 23
split_gain=33.5376 16.233 10.1318 9.8706 10.4091 8.59165 7.61923 6.93049 6.08803 5.85948 5.75252 8.18394 5.77004 4.70122 11.731 7.19441 5.6129 10.9837 5.44139 4.59494 3.96003 3.69643 3.67478 3.48257 3.36446 3.11532 2.88173 2.65331 2.61596 2.51899
threshold=0.36666666666666675 109.25000000000001 12.500000000000002 1600.0000000000002 60.650000000000013 3.5000000000000004 69.550000000000011 93.700000000000003 0.70833333333333337 9.5000000000000018 107.75000000000001 0.03608470181503886 55.420238095238098 1900.0000000000002 0.063392857142857112 111.25000000000001 122.85000000000001 42.967857142857149 73.641071428571436 0.63333333333333341 112.65000000000002 0.025978407557354904 108.55000000000001 4.5000000000000009 10.500000000000002 2.6500000000000008 2021.5000000000002 5.5000000000000009 86.450000000000017 106.45000000000002
decision_type=2 2 2 2 2 2 2 2 2 2 2 2 2 2 2 2 2 2 2 2 2 2 2 2 2 2 2 2 2 2
left_child=1 3 6 4 -1 25 20 9 19 -6 11 -7 -13 15 16 18 17 -15 27 29 -3 -12 -23 -11 -22 -5 -18 -4 -17 -2
right_child=8 2 13 5 7 10 -8 -9 -10 23 21 12 -14 14 -16 28 26 -19 -20 -21 24 22 -24 -25 -26 -27 -28 -29 -30 -31
leaf_value=-0.039840407704495366 -0.064495438785318812 -0.068924907017387113 0.014430936053810298 0.035043338597700674 -0.055465484998313878 -0.079386592556799598 0.015958652809839279 0.063377908533975638 -0.065456606550471641 0.010847098161959704 0.051012168794469792 0.011733246004042033 -0.056004801446895715 0.06368208236726508 -0.018657769797294332 0.069613320169867293 0.052576991005571776 -0.058231369006779769 -0.014868709468495125 0.016252378874336445 -0.047075417203450057 -0.034818908241340311 0.026969008014543078 -0.017106960898391785 0.0061675166146849076 -0.043059965035921209 0.023749854075533611 0.042398498236659192 0.035580489158169158 -0.02322276039494783
leaf_weight=12.516193877905605 5.9500030158087638 4.8985582375898984 15.822760866954921 1.3350148126482988 3.8128687972202888 4.6452045589685467 17.511722529307008 5.4134023673832408 17.813900659326464 95.851238958537579 5.7720155604183665 13.047443524003031 4.1417462080717078 3.0378203429281703 19.590944702737033 13.197846934199335 15.587124274112282 4.7150182519108057 8.7057079896330816 4.9829001491889349 5.040939901955424 4.1967373937368375 5.6407615318894386 12.607107466086743 7.2121600601822138 29.250219301320612 19.534199446439743 18.275481928139925 9.8684555292129499 9.7629610737785679
leaf_count=113 100 73 64 7 51 33 73 17 480 438 19 75 22 7 144 28 69 43 34 31 58 26 21 85 68 288 51 47 20 143
internal_value=0.000327719 0.00505643 0.0167452 -0.00455495 0.00350993 -0.0199903 -0.00724085 0.0081204 -0.0440284 0.00545604 -0.00393102 -0.0205014 -0.00458828 0.0232239 0.0133967 0.032543 0.0280437 -0.0104616 0.0204128 -0.0255842 -0.0309274 0.0192474 0.000609904 0.00759774 -0.0157367 -0.0396508 0.0365436 0.0294206 0.0550531 -0.0388514
internal_weight=399.738 361.229 162.999 198.23 130.201 68.0291 34.6634 117.685 38.5098 112.271 37.4439 21.8344 17.1892 128.335 62.4651 65.8703 42.8742 7.75284 42.804 20.6959 17.1517 15.6095 9.8375 108.458 12.2531 30.5852 35.1213 34.0982 23.0663 15.713
internal_count=2728 1974 779 1195 704 491 272 591 754 574 196 130 97 507 314 193 170 50 145 274 199 66 47 523 126 295 120 111 48 243
is_linear=0
shrinkage=0.05


Tree=15
num_leaves=31
num_cat=0
split_feature=18 13 23 18 9 23 16 1 10 23 9 1 23 20 10 13 16 8 23 2 9 23 23 0 18 10 10 23 1 23
split_gain=27.3113 14.9327 8.30079 5.47659 4.95559 3.90088 3.66056 3.63163 3.6493 3.50897 3.49961 3.91362 3.41536 3.19232 3.55805 2.94709 4.00149 2.81944 3.69828 3.42488 2.79423 2.42137 8.16259 6.9189 2.36611 2.12697 3.15577 1.83633 2.24193 1.36924
threshold=9.5000000000000018 0.70833333333333337 69.550000000000011 12.500000000000002 0.14651229273870783 163.05000000000004 15.500000000000002 57.500000000000007 0.11834733893557421 109.95000000000002 0.085626463700234121 53.500000000000007 123.25000000000001 2021.5000000000002 0.15007309941520466 1.0000000180025095e-35 8.5000000000000018 1.5000000000000002 110.05000000000001 4.5000000000000009 1.0000000180025095e-35 108.95000000000002 91.15000000000002 1750.0000000000002 6.5000000000000009 0.2137002341920374 0.17349498327759191 123.35000000000001 53.500000000000007 109.35000000000001
decision_type=2 2 2 2 2 2 2 2 2 2 2 2 2 2 2 2 2 2 2 2 2 2 2 2 2 2 2 2 2 2
left_child=1 4 13 5 15 7 9 8 29 10 11 -5 -11 -2 -15 16 -1 18 -6 -19 -10 22 -18 -23 -17 26 -26 28 -8 -4
right_child=2 -3 3 6 17 -7 27 -9 20 12 -12 -13 -14 14 -16 24 21 19 -20 -21 -22 23 -24 -25 25 -27 -28 -29 -30 -31
leaf_value=-0.064646953121472783 -0.0474683476304118 -0.063265616399435648 -0.048016260552937479 0.020086483850764836 0.00035123921274190562 0.048675059860252057 0.049634641142533319 0.033037044420159499 -0.036096346495209757 0.040359061680838665 0.041121311189134487 -0.021659736887573246 0.0018845451025908356 0.017516901371328119 -0.032079194667641746 -0.048464733962999731 -0.0023705848805591727 -0.029049133929880878 0.057382281779873145 0.042724929747809559 0.006574113598387216 0.022290744646398564 -0.035476330693407977 -0.017366257226675404 -0.030382375220117469 -0.044037325161917787 0.051247483966209588 0.057837692381108446 0.013650715850128142 -0.012259821309390658
leaf_weight=3.6000309893861404 6.7957222899422076 15.712020390667019 4.5643067844212037 9.517901070415979 5.9998578839004058 4.9552916307002297 7.7463359348475995 9.0600862819701415 4.0851754136383525 19.206144902855161 5.1232245266437522 13.688083764165638 8.2439122311770898 7.6456184014677984 6.8616992086172104 11.258829490281643 43.104314425960183 6.4203043710440379 5.4019215144217014 2.2426403425633907 63.054379778914154 17.819780124351382 32.77778197824955 28.732971956022084 2.4894391167908889 3.2544728945940733 2.2578115295618773 8.5014907494187337 9.8106622286140901 6.476326197385788
leaf_count=54 56 463 31 31 41 15 17 25 23 44 22 61 21 23 29 187 321 74 15 12 309 92 307 284 31 38 13 21 37 29
internal_value=-0.00269557 -0.0166843 0.0102716 0.0138778 -0.0122582 0.00552114 0.023292 0.00306998 -0.000402823 0.0160643 0.00371964 -0.00453758 0.0288042 -0.0191884 -0.00594116 -0.0154748 -0.0126911 0.011034 0.0273713 -0.0104685 0.00397779 -0.0111634 -0.0166708 -0.00218608 -0.0336907 -0.012903 0.00844111 0.0387634 0.0295272 -0.0270419
internal_weight=376.409 181.072 195.336 174.033 165.36 92.1956 81.8378 87.2403 78.1802 55.7793 28.3292 23.206 27.4501 21.303 14.5073 145.295 126.035 20.0647 11.4018 8.66294 67.1396 122.435 75.8821 46.5528 19.2606 8.00172 4.74725 26.0585 17.557 11.0406
internal_count=2726 1932 794 686 1469 432 254 417 392 179 114 92 65 108 52 1327 1058 142 56 86 332 1004 628 376 269 82 44 75 54 60
is_linear=0
shrinkage=0.05


Tree=16
num_leaves=31
num_cat=0
split_feature=13 19 16 23 0 10 18 23 2 23 0 11 23 15 1 23 23 18 23 10 11 9 19 19 18 19 9 10 9 23
split_gain=25.1376 17.9871 8.56039 7.68243 10.063 6.81956 8.17731 6.81513 5.07012 5.9456 7.1919 5.06841 5.02362 5.97894 5.81892 4.88257 4.39345 4.21134 3.342 2.83496 3.22042 2.81699 2.43902 5.33654 2.29428 5.73154 2.01052 2.82516 2.44159 3.12283
threshold=0.70833333333333337 69.550000000000011 11.500000000000002 109.25000000000001 1600.0000000000002 0.27126436781609192 10.500000000000002 69.65000000000002 3.5000000000000004 107.75000000000001 1750.0000000000002 0.081666666666666665 108.95000000000002 1.5000000000000002 57.500000000000007 73.40000000000002 93.700000000000003 13.500000000000002 125.95000000000002 0.2069580731489741 0.11500330469266355 0.047065337763012159 148.30000000000004 94.050000000000011 5.5000000000000009 21.050000000000004 0.049515639589168957 0.15759905381431102 0.042791762013729959 111.55000000000001
decision_type=2 2 2 2 2 2 2 2 2 2 2 2 2 2 2 2 2 2 2 2 2 2 2 2 2 2 2 2 2 2
left_child=1 2 24 4 7 8 12 21 11 15 -11 18 14 -14 -7 -10 17 -9 -4 26 -21 -3 23 -6 -1 -26 28 -28 29 -5
right_child=-2 3 5 19 22 6 -8 16 9 10 -12 -13 13 -15 -16 -17 -18 -19 -20 20 -22 -23 -24 -25 25 -27 27 -29 -30 -31
leaf_value=-0.054367675295676376 -0.063211212624359234 0.0010773226722483444 -0.019533415575624671 0.046157073930925815 -0.053441916244528431 -0.021515685265681067 0.050235367840444446 0.0039205140156128443 0.0023098630657273538 0.060428461916204851 -0.00419168781055937 -0.05769219503564095 0.030056494896776316 -0.041524643652048485 0.041469554498516657 -0.039740142180939582 0.063252855667059113 0.041870012696819628 0.022895647379040596 -0.015418392363296819 0.037199858159185077 -0.047174398372199271 -0.049902850322075906 0.013548639420455651 0.020655440739079569 -0.047169058002292021 0.021422231537669891 0.062471084110096789 -0.00015987225629738368 0.016687453113636716
leaf_weight=10.790860387962313 16.384420469403267 7.4685382172465307 58.796267689671367 15.677347289398311 5.078321525827052 26.717575342394415 9.5941935721784812 21.681980544701219 18.169257565401498 7.4466534145176437 10.208280716091393 8.3120684400200826 18.133558189496402 3.4764750562608233 4.2502928897738448 11.133340593427418 6.002277720719575 11.029236998409031 5.0388302598148575 8.2235079538077098 4.4986745342612258 5.0838147550821304 7.8673301525413981 7.170385766774416 4.7786171715706578 8.9464513976126891 7.6861640289425877 9.2193491607904416 8.7278239727020246 21.073214825242758
leaf_count=169 490 29 496 41 32 237 29 80 119 23 81 84 100 50 13 103 14 34 41 43 22 29 48 38 43 96 25 17 31 69
internal_value=-0.00267089 0.000144817 -0.00938737 0.0135361 0.00179081 -0.00563717 0.00778565 0.0135505 -0.0126438 0.000143275 0.0230644 -0.0209664 3.96102e-05 0.018541 -0.0128711 -0.0136668 0.0239312 0.0167159 -0.0161843 0.0246989 0.00318788 -0.0184651 -0.0281789 -0.0142257 -0.0371173 -0.0235548 0.0290857 0.043808 0.0236131 0.0292588
internal_weight=368.665 352.281 205.793 146.488 71.3819 181.277 62.1721 51.2658 119.105 46.9575 17.6549 72.1472 52.5779 21.61 30.9679 29.3026 38.7135 32.7112 63.8351 75.1061 12.7222 12.5524 20.116 12.2487 24.5159 13.7251 62.3839 16.9055 45.4784 36.7506
internal_count=2726 2236 1684 552 304 1376 429 186 947 326 104 621 400 150 250 222 128 114 537 248 65 58 118 70 308 139 183 42 141 110
is_linear=0
shrinkage=0.05


Tree=17
num_leaves=31
num_cat=0
split_feature=13 19 23 16 1 23 23 23 23 23 0 23 17 23 9 10 9 19 17 10 1 23 10 10 1 1 1 10 19 18
split_gain=23.1221 16.0075 6.57889 6.23686 5.32727 4.4788 6.71565 7.20557 6.23716 4.35239 4.21521 5.98093 8.63835 5.70929 3.82264 7.72878 3.76374 3.65544 4.46889 4.15232 5.89291 5.20097 3.39044 3.26535 3.25354 3.16319 3.04963 2.71175 2.56174 1.39534
threshold=0.70833333333333337 48.350000000000001 110.65000000000002 11.500000000000002 57.500000000000007 108.95000000000002 91.15000000000002 90.250000000000014 120.75000000000001 110.75000000000001 1600.0000000000002 108.65000000000002 52.832142857142863 93.15000000000002 0.07669789227166271 0.23875968992248062 0.10281902844198336 206.40000000000001 76.686904761904785 0.14511278195488717 52.500000000000007 123.45000000000002 0.14511278195488717 0.34761152783260957 53.500000000000007 52.500000000000007 55.500000000000007 0.10070850202429146 101.45000000000002 5.5000000000000009
decision_type=2 2 2 2 2 2 2 2 2 2 2 2 2 2 2 2 2 2 2 2 2 2 2 2 2 2 2 2 2 2
left_child=1 3 10 27 5 6 7 -5 9 -7 13 26 -13 14 24 -16 -6 18 19 21 -21 -4 -14 -8 -3 -10 28 -1 -12 -29
right_child=-2 2 17 4 16 8 23 -9 25 -11 11 12 22 -15 15 -17 -18 -19 -20 20 -22 -23 -24 -25 -26 -27 -28 29 -30 -31
leaf_value=0.020602115884942655 -0.062360867285767188 0.028360774543356993 0.012588142320514193 -0.0099116684729124958 -0.0044266751362940721 -0.0038260729020960452 -0.040042657815371023 0.067119059627737065 0.024421582831742131 0.035360796518876088 -0.071689072339993096 0.045787244470983743 -0.051363384609028839 0.050749761853200751 -0.077136132442737163 0.0094977585177489846 0.055709155332600929 0.040802502154361854 -0.029995153771225771 0.05378557688827465 -0.0042247427250567014 0.066253839258059416 0.00080823861147423254 0.0008885890804115038 0.00084565894529954491 -0.028076773935942951 -0.0083908908814292454 -0.055281296460582365 -0.022564579332265924 -0.02824546488304789
leaf_weight=1.9046077886596346 15.41516554309055 18.215291708707809 9.203935397788884 49.822794189676642 4.9367296751588565 13.068423151038589 29.654894521925598 3.2328352862969032 3.4708668943494585 15.477992967702447 5.3788107316941041 9.2224069125950354 4.6590801849961272 7.9660025388002387 3.9254526942968351 7.4798137173056602 5.5014938060194254 19.950809635221958 4.876301445066928 5.5277765206992653 21.044208448380232 8.861441405490039 9.3906456250697357 5.8306115055456749 26.192419804632664 16.554716547951102 9.4399001924321038 9.6886090149637329 5.2385003603994846 9.4053283454850298
leaf_count=13 490 64 40 381 29 84 333 14 28 74 45 33 24 18 21 35 17 55 22 15 102 24 45 55 118 196 51 164 36 100
internal_value=-0.00244796 0.000228099 0.0107489 -0.0107935 -0.00716508 -0.00978643 -0.0164796 -0.00521796 0.00241445 0.0174212 0.00297648 -0.00905768 0.00818801 0.0111521 0.00550046 -0.0203198 0.0272681 0.0227332 0.0154525 0.0204173 0.00784316 0.0389123 -0.0164926 -0.0333173 0.0121319 -0.0189777 -0.0290676 -0.0362891 -0.0474514 -0.0419639
internal_weight=360.538 345.123 176.573 168.55 147.551 137.113 88.5411 53.0556 48.572 28.5464 107.108 43.3293 23.2721 63.779 55.813 11.4053 10.4382 69.4645 49.5137 44.6374 26.572 18.0654 14.0497 35.4855 44.4077 20.0256 20.0572 20.9985 10.6173 19.0939
internal_count=2726 2236 748 1488 1211 1165 783 395 382 158 490 234 102 256 238 56 46 258 203 181 117 64 69 388 182 224 132 277 81 264
is_linear=0
shrinkage=0.05


Tree=18
num_leaves=31
num_cat=0
split_feature=18 13 23 23 15 10 6 17 23 3 23 17 19 23 15 23 19 19 23 20 1 17 23 23 10 23 10 18 19 10
split_gain=22.3263 11.5805 5.19767 3.45202 3.06976 4.18926 5.10373 3.19216 3.06512 2.95736 9.49924 3.56128 2.95361 2.88911 6.09978 6.79018 4.21657 3.29086 3.2556 2.90008 2.87514 2.74137 2.72022 2.66531 2.49197 6.48576 2.46434 4.65725 3.14452 2.45259
threshold=9.5000000000000018 0.70833333333333337 69.050000000000011 59.95000000000001 1.5000000000000002 0.19345238095238093 1.5000000000000002 45.894230769230781 60.650000000000013 1.0000000180025095e-35 110.05000000000001 69.980769230769241 58.050000000000004 110.65000000000002 1.5000000000000002 92.15000000000002 68.15000000000002 111.85000000000001 125.95000000000002 2022.5000000000002 52.500000000000007 36.134375000000013 61.150000000000013 62.45000000000001 0.11437908496732026 162.15000000000001 0.13263888888888889 10.500000000000002 59.550000000000004 0.25873937103522743
decision_type=2 2 2 2 2 2 2 2 2 2 2 2 2 2 2 2 2 2 2 2 2 2 2 2 2 2 2 2 2 2
left_child=1 3 8 -1 9 6 20 21 -2 10 23 -12 -8 14 26 -16 18 19 29 -17 -6 -7 -10 -5 -18 -26 -4 28 -28 -15
right_child=2 -3 13 4 5 7 12 -9 22 -11 11 -13 -14 16 15 17 24 -19 -20 -21 -22 -23 -24 -25 25 -27 27 -29 -30 -31
leaf_value=-0.060541620316623801 -0.060279636199607502 -0.060841810919395806 -0.00094527198569969995 0.010400423623570364 -0.022133955672855976 -0.042901624033131101 -0.058217361842139728 -0.055528483155631553 0.024226197263862576 -0.014017190433704297 0.015398024765226469 0.067136961006582258 0.014139512487682256 -0.02948919337760841 0.01601868226498503 -0.041150232786496412 0.047552688263105124 -0.060096945366000888 0.040292628916248879 0.019408292316144979 0.027463487359179268 -0.00044746834414627557 -0.026050183732831619 -0.018343080386034317 0.02967352416156608 -0.028390696325825734 -0.04483033681375214 0.026319966274963566 0.015503837085828224 0.019920068593408599
leaf_weight=3.5397391691803923 3.4102665279060593 12.982230136403812 19.379414178431034 11.40562382340431 4.1463014446198967 7.0438893439713892 5.290055342949926 10.754205955658106 4.4500458464026433 55.09851991944015 7.336143338121472 6.0842830389738083 1.9230802953243253 8.4274646360427123 11.043642322532834 4.316182595677672 11.755165345966814 7.1763802841305733 3.4585656765848389 3.647790864109993 9.8958366289734823 8.2631463874131423 6.8038404230028391 27.536527180112898 33.279760226607323 5.6217275150120249 4.1920666536316258 44.972748038358986 4.4541659951210022 3.577892377972602
leaf_count=51 34 463 85 82 41 102 79 164 17 487 51 11 16 52 48 36 33 42 15 13 70 79 35 236 112 22 39 171 21 19
internal_value=-0.00252245 -0.0154429 0.00977576 -0.0117202 -0.0106036 -0.0212154 -0.00474148 -0.0346513 -0.0187534 -0.00593113 0.00257743 0.0388544 -0.0389264 0.0123066 0.00690948 -0.0137942 0.0204024 -0.0355403 -0.00245039 -0.0134122 0.0128186 -0.0199837 -0.00616974 -0.0099245 0.0273787 0.0212826 0.0143358 0.0198588 -0.0137488 -0.014764
internal_weight=351.267 171.3 179.967 158.317 154.778 47.3165 21.2553 26.0612 14.6642 107.461 52.3626 13.4204 7.21314 165.303 99.1824 26.184 66.1206 15.1404 15.4639 7.96397 14.0421 15.307 11.2539 38.9422 50.6567 38.9015 72.9984 53.619 8.64623 12.0054
internal_count=2726 1932 794 1469 1418 551 206 345 86 867 380 62 95 708 455 139 253 91 86 49 111 181 52 318 167 134 316 231 60 71
is_linear=0
shrinkage=0.05


Tree=19
num_leaves=31
num_cat=0
split_feature=13 19 16 2 17 19 9 19 17 17 9 20 9 1 6 8 17 10 19 16 6 16 10 5 9 19 17 17 9 19
split_gain=19.5803 13.8768 6.68103 5.12536 5.08027 4.16061 6.09379 5.33112 4.02545 4.63712 3.42985 5.66595 4.53856 4.43735 3.26154 2.99862 4.83616 2.78816 3.15367 2.51687 2.30447 2.1304 2.07004 1.71284 1.68469 1.49855 1.27246 1.41793 1.77067 2.01617
threshold=0.70833333333333337 69.550000000000011 11.500000000000002 3.5000000000000004 34.995238095238101 27.550000000000004 0.053342816500711203 2.6500000000000008 34.995238095238101 25.163750000000004 0.053342816500711203 2022.5000000000002 0.050633812847172707 56.500000000000007 1.0000000180025095e-35 3.5000000000000004 52.832142857142863 0.28708791208791212 12.550000000000002 14.500000000000002 1.5000000000000002 11.500000000000002 0.14511278195488717 1.0000000180025095e-35 0.10495716034271721 23.500000000000004 23.988888888888891 33.893333333333338 0.033520599250936305 13.350000000000003
decision_type=2 2 2 2 2 2 2 2 2 2 2 2 2 2 2 2 2 2 2 2 2 2 2 2 2 2 2 2 2 2
left_child=1 2 26 4 17 7 -7 -6 9 -5 12 19 13 15 -10 16 -3 18 -4 20 -12 -17 -15 -16 -22 -11 -1 28 -28 -30
right_child=-2 10 3 8 5 6 -8 -9 14 25 11 -13 -14 22 23 21 -18 -19 -20 -21 24 -23 -24 -25 -26 -27 27 -29 29 -31
leaf_value=-0.056362497364573133 -0.060997626789509811 0.026778979363514768 0.036978363197296825 0.022127374922107909 0.02724961408954726 -0.023761848827397972 0.017634421851385373 -0.0302580533016308 -0.033470442433375804 -0.053237661524259627 0.016375482300414145 -0.038251240454715424 0.044266979927354386 -0.00010596188714509177 0.023876674554153189 0.00093511170034124612 -0.01131106465375941 0.042273182356674495 -0.015910245750382891 0.04072626060149602 -0.044424105994256113 0.030464760702637341 -0.04118942883476235 0.0042698284744438018 0.0097419510610805143 -0.013639923793549287 -0.058369894262170402 -0.043254158594079634 -0.037827623321592091 0.01376491097474284
leaf_weight=4.9066743068397072 13.720066420733927 15.250498877838252 3.9951260183006552 5.0345172779634586 4.3878922872245303 18.189352862536907 17.388923242688179 49.412440818268806 3.5563335455954066 5.7766258828341943 9.2645555585622805 8.1565058231353778 12.914376359432934 9.6627276614308339 28.449974910356104 7.284701380878686 18.372713644057512 5.3550774254836133 9.5710211219266039 5.2879666164517394 3.6854055970907202 37.805321495980024 4.4911869242787352 18.306227347813547 2.3514003455638885 4.0746078565716743 1.9210127312690044 8.1013939436525089 2.9783329553902131 5.1993811242282391
leaf_count=73 490 59 35 37 22 128 104 529 32 74 46 33 34 41 161 30 84 38 73 21 29 128 27 109 20 34 24 118 49 44
internal_value=-0.00246662 -4.14569e-05 -0.00850831 -0.00514461 -0.0118125 -0.0167951 -0.00352937 -0.0255678 0.00593133 -0.0169095 0.0123324 -0.00298267 0.0164943 0.0126321 0.0126891 0.0172667 0.00596546 0.011724 -0.000334957 0.010989 0.000712221 0.025694 -0.0131422 0.0162001 -0.0233258 -0.0368595 -0.0337647 -0.0276725 -0.0151726 -0.00502515
internal_weight=344.852 331.132 196.605 173.498 108.3 89.3786 35.5783 53.8003 65.1983 14.8858 134.527 28.7458 105.782 92.8671 50.3125 78.7132 33.6232 18.9212 13.5661 20.5893 15.3014 45.09 14.1539 46.7562 6.03681 9.85123 23.1068 18.2001 10.0987 8.17771
internal_count=2726 2236 1684 1376 929 783 232 551 447 145 552 149 403 369 302 301 143 146 108 116 95 158 68 270 49 108 308 235 117 93
is_linear=0
shrinkage=0.05


end of trees

feature_importances:
Column_23=109
Column_19=56
Column_9=52
Column_17=52
Column_10=48
Column_16=39
Column_1=36
Column_18=34
Column_13=32
Column_0=26
Column_2=20
Column_11=20
Column_20=18
Column_15=15
Column_8=12
Column_6=8
Column_22=8
Column_3=5
Column_4=4
Column_7=3
Column_5=2
Column_12=1

parameters:
[boosting: gbdt]
[objective: lambdarank]
[metric: ndcg]
[tree_learner: serial]
[device_type: cpu]
[data_sample_strategy: bagging]
[data: ]
[valid: ]
[num_iterations: 500]
[learning_rate: 0.05]
[num_leaves: 31]
[num_threads: 0]
[seed: 0]
[deterministic: 0]
[force_col_wise: 0]
[force_row_wise: 0]
[histogram_pool_size: -1]
[max_depth: 7]
[min_data_in_leaf: 20]
[min_sum_hessian_in_leaf: 0.001]
[bagging_fraction: 0.8]
[pos_bagging_fraction: 1]
[neg_bagging_fraction: 1]
[bagging_freq: 5]
[bagging_seed: 3]
[bagging_by_query: 0]
[feature_fraction: 0.8]
[feature_fraction_bynode: 1]
[feature_fraction_seed: 2]
[extra_trees: 0]
[extra_seed: 6]
[early_stopping_round: 0]
[early_stopping_min_delta: 0]
[first_metric_only: 0]
[max_delta_step: 0]
[lambda_l1: 0]
[lambda_l2: 0]
[linear_lambda: 0]
[min_gain_to_split: 0]
[drop_rate: 0.1]
[max_drop: 50]
[skip_drop: 0.5]
[xgboost_dart_mode: 0]
[uniform_drop: 0]
[drop_seed: 4]
[top_rate: 0.2]
[other_rate: 0.1]
[min_data_per_group: 100]
[max_cat_threshold: 32]
[cat_l2: 10]
[cat_smooth: 10]
[max_cat_to_onehot: 4]
[top_k: 20]
[monotone_constraints: ]
[monotone_constraints_method: basic]
[monotone_penalty: 0]
[feature_contri: ]
[forcedsplits_filename: ]
[refit_decay_rate: 0.9]
[cegb_tradeoff: 1]
[cegb_penalty_split: 0]
[cegb_penalty_feature_lazy: ]
[cegb_penalty_feature_coupled: ]
[path_smooth: 0]
[interaction_constraints: ]
[verbosity: -1]
[saved_feature_importance_type: 0]
[use_quantized_grad: 0]
[num_grad_quant_bins: 4]
[quant_train_renew_leaf: 0]
[stochastic_rounding: 1]
[linear_tree: 0]
[max_bin: 255]
[max_bin_by_feature: ]
[min_data_in_bin: 3]
[bin_construct_sample_cnt: 200000]
[data_random_seed: 1]
[is_enable_sparse: 1]
[enable_bundle: 1]
[use_missing: 1]
[zero_as_missing: 0]
[feature_pre_filter: 1]
[pre_partition: 0]
[two_round: 0]
[header: 0]
[label_column: ]
[weight_column: ]
[group_column: ]
[ignore_column: ]
[categorical_feature: ]
[forcedbins_filename: ]
[precise_float_parser: 0]
[parser_config_file: ]
[objective_seed: 5]
[num_class: 1]
[is_unbalance: 0]
[scale_pos_weight: 1]
[sigmoid: 1]
[boost_from_average: 1]
[reg_sqrt: 0]
[alpha: 0.9]
[fair_c: 1]
[poisson_max_delta_step: 0.7]
[tweedie_variance_power: 1.5]
[lambdarank_truncation_level: 30]
[lambdarank_norm: 1]
[label_gain: ]
[lambdarank_position_bias_regularization: 0]
[eval_at: 1,3,5]
[multi_error_top_k: 1]
[auc_mu_weights: ]
[num_machines: 1]
[local_listen_port: 12400]
[time_out: 120]
[machine_list_filename: ]
[machines: ]
[gpu_platform_id: -1]
[gpu_device_id: -1]
[gpu_use_dp: 0]
[num_gpu: 1]

end of parameters

pandas_categorical:null
