tree
version=v4
num_class=1
num_tree_per_iteration=1
label_index=0
max_feature_idx=23
objective=lambdarank
feature_names=Column_0 Column_1 Column_2 Column_3 Column_4 Column_5 Column_6 Column_7 Column_8 Column_9 Column_10 Column_11 Column_12 Column_13 Column_14 Column_15 Column_16 Column_17 Column_18 Column_19 Column_20 Column_21 Column_22 Column_23
feature_infos=[1000:2600] [48:59] [2:9] [0:1] [0:2] [0:2] [0:2] [0:3] [0:5] [0:0.5] [0:1] [0:1] [0:1] [0:1] [0:1] [1:5] [5:16] [12.48:127.28571428571428] [1:16] [1.2:564.70000000000005] [2016:2023] none [5:6] [57.5:179.90000000000001]
tree_sizes=3394 3386 3387 3390 3399 3393 3385 3407 3387 3393

Tree=0
num_leaves=31
num_cat=0
split_feature=18 19 19 12 16 19 0 15 1 15 12 20 16 19 19 11 11 2 10 20 11 11 6 11 2 2 10 11 18 14
split_gain=144.182 18.3394 12.3137 7.03671 7.63359 4.8959 4.50386 4.08501 3.57955 3.83368 4.86854 3.22962 3.15018 3.04174 4.11818 2.97254 4.04429 3.74616 3.0224 2.851 2.45014 2.38688 1.75884 1.59561 1.55914 1.54529 2.24191 2.41219 1.58227 1.29144
threshold=8.5000000000000018 9.9500000000000011 80.750000000000014 0.22500000000000003 8.5000000000000018 34.350000000000001 2500.0000000000005 2.5000000000000004 53.500000000000007 1.5000000000000002 0.83333333333333337 2021.5000000000002 11.500000000000002 37.650000000000013 51.350000000000009 0.10990338164251207 0.093073593073593072 2.5000000000000004 0.11437908496732026 2021.5000000000002 0.13397435897435897 0.059411764705882351 1.0000000180025095e-35 0.031372549019607808 3.5000000000000004 3.5000000000000004 0.15007309941520466 0.043055555555555507 12.500000000000002 1.0000000180025095e-35
decision_type=2 2 2 2 2 2 2 2 2 2 2 2 2 2 2 2 2 2 2 2 2 2 2 2 2 2 2 2 2 2
left_child=1 8 15 4 -3 6 11 12 9 10 20 -6 -4 -7 -15 16 17 -2 23 -17 -1 -10 -20 -19 -8 -14 27 -27 -28 -23
right_child=2 3 7 -5 5 13 24 -9 21 -11 -12 -13 25 14 -16 19 -18 18 22 -21 -22 29 -24 -25 -26 26 28 -29 -30 -31
leaf_value=-0.016761188573670045 0.069247112623911575 -0.092424381025306479 0.015075278565355061 -0.088310424758931416 -0.0082375751008852017 0.066659164355605482 0.059983410320888587 -0.0037803655073313487 -0.048018716707346198 -0.075611806973662016 -0.09999999999999995 -0.036428760448016469 0.070750813454990583 -0.043658779950403521 0.054205288823756019 0.026522628595245581 0.070649260777052011 0.019596746274367267 0.042153817655097139 -0.04733295211847962 0.055794656528190913 -0.072253780895337044 0.0038973579564993265 0.067847573046642226 0.0009641240921061799 0.053715640156497893 0.030825425274852537 -0.012979682212112764 0.076543495057904143 -0.098997382704992046
leaf_weight=4.8860957683064026 3.807785802986472 3.1745558888651422 3.4340225718915454 3.7013499997556201 18.383876568055712 2.7894253227859727 2.1270898375660172 2.5206949952989808 8.9907557752449048 4.6443184008821845 1.4832564978860316 22.708522081375122 33.236792225390673 2.4216418890282512 1.9330752706155179 2.5070954132825127 4.9038306595757595 3.1079035662114611 3.4685533707961467 2.7290454544126987 1.5272448714822529 22.569836516631771 22.450788411893882 3.8185979193076491 2.3612101264297962 3.3030608380213371 2.4891427555121464 2.2994753709062934 7.8959249404724687 5.6427407178562126
leaf_count=67 34 59 37 67 376 26 16 29 185 75 29 242 247 30 28 45 24 29 22 38 13 382 318 21 26 34 39 21 57 135
internal_value=-0.00036795 -0.0402521 0.0423997 -0.0215449 -0.017124 -0.0125902 -0.0186223 0.0584 -0.062666 -0.0395645 -0.0183636 -0.0238166 0.0613765 0.025895 -0.000216553 0.0235321 0.0280053 0.0223 0.0168575 -0.0119705 0.000516943 -0.0704533 0.00901688 0.0461976 0.0289345 0.0646066 0.0518333 0.0263416 0.0655856 -0.0776027
internal_weight=211.318 109.345 101.973 59.6007 55.8994 52.7248 45.5807 55.1791 49.7442 12.5409 7.8966 41.0924 52.6584 7.14414 4.35472 46.7936 41.5575 36.6536 32.8458 5.23614 6.41334 37.2033 25.9193 6.9265 4.4883 49.2244 15.9876 5.60254 10.3851 28.2126
internal_count=2751 1756 995 870 803 744 660 464 886 184 109 618 435 84 58 531 448 424 390 83 80 702 340 50 42 398 151 55 96 517
is_linear=0
shrinkage=0.05


Tree=1
num_leaves=31
num_cat=0
split_feature=13 18 18 23 0 23 23 23 0 23 10 0 23 0 23 18 2 9 17 10 23 23 2 17 17 23 9 23 13 11
split_gain=213.974 96.5637 41.5624 27.7155 38.9619 22.6428 20.7317 19.7202 41.2234 21.1093 13.6098 13.577 18.6526 20.8615 22.4565 15.7537 27.5992 13.026 12.9784 11.549 10.8197 10.0841 8.76598 8.37184 8.04375 13.3486 7.82173 7.33567 7.28942 7.79001
threshold=0.45000000000000007 9.5000000000000018 12.500000000000002 109.25000000000001 1600.0000000000002 70.750000000000014 168.00000000000003 108.55000000000001 1750.0000000000002 74.200000000000003 0.23875968992248062 1750.0000000000002 124.15000000000002 2200.0000000000005 163.45000000000002 13.500000000000002 3.5000000000000004 0.048115079365079354 20.750000000000004 0.22653958944281524 107.55000000000001 109.75000000000001 4.5000000000000009 42.954395604395614 30.531818181818185 71.750000000000014 0.017148526077097454 110.85000000000001 0.55000000000000016 1.0000000180025095e-35
decision_type=2 2 2 2 2 2 2 2 2 2 2 2 2 2 2 2 2 2 2 2 2 2 2 2 2 2 2 2 2 2
left_child=1 7 6 4 5 26 28 9 21 18 -7 27 15 -14 -15 16 -13 20 -1 -10 -6 -9 -19 -21 -20 -26 -3 -5 29 -2
right_child=2 3 -4 11 17 10 -8 8 19 -11 -12 12 13 14 -16 -17 -18 22 24 23 -22 -23 -24 -25 25 -27 -28 -29 -30 -31
leaf_value=0.06154837142392227 -0.012038652555127557 -0.038837334284858853 0.032469084100438222 0.044953953740872389 -0.041672992711706033 0.033219447431033562 0.058755601785645276 0.008456061683013244 -0.043568204427189929 -0.047452312959693266 0.077466632002485714 -0.069577359143136841 0.082792535690641766 -0.027604119335930311 0.065386927646567519 0.042726953360292697 0.029631201678775212 -0.057251587578763363 -0.061345001577865224 0.019346451429242219 0.023007805968148259 0.065095981064103997 0.007064217746556101 -0.025037807589204392 -0.017493404746374033 0.056372787556503406 0.013797129760603905 0.080779448250587846 -0.095890892047402726 -0.076790500961797209
leaf_weight=6.3577340617775908 5.6211059223860493 8.3725001998245698 9.1288399174809438 28.174889296293259 9.0547852683812398 53.071412477642298 2.619593769311904 11.723614782094954 29.28799469396472 62.09926114231348 25.840538004413247 12.416318979114296 28.391830712556839 12.469953890889885 13.543575659394262 22.032284058630466 16.101160794496536 22.10812205076218 7.6868121791630974 21.329683428630233 22.61029527336359 23.835266910493374 6.9676150977611533 21.168381944298744 39.962054908275604 7.2214782964438191 44.968380292877555 28.991964258253574 50.927004435099661 26.744878568686545
leaf_count=15 28 27 15 47 33 87 4 58 173 428 41 45 39 33 21 31 44 64 50 98 46 65 23 125 229 27 116 29 509 201
internal_value=0.000624724 0.0119154 -0.0689651 0.0282767 0.0154742 0.0306992 -0.0797432 -0.0132727 0.00239726 -0.0269119 0.0477086 0.0435171 0.0328384 0.0531562 0.0208104 0.0109709 -0.0135635 -0.0176756 -0.00607919 -0.0194102 0.00451201 0.046422 -0.0418392 -0.00276145 -0.0139151 -0.00618812 0.00553551 0.0631227 -0.084099 -0.0655448
internal_weight=680.829 585.788 95.0414 355.116 192.994 132.253 85.9126 230.672 107.345 123.327 78.912 162.122 104.955 54.4054 26.0135 50.5498 28.5175 60.7408 61.2281 71.7861 31.6651 35.5589 29.0757 42.4981 54.8703 47.1835 53.3409 57.1669 83.293 32.366
internal_count=2751 1994 757 726 437 271 742 1268 519 749 128 289 213 93 54 120 89 166 321 396 79 123 87 223 306 256 143 76 738 229
is_linear=0
shrinkage=0.05


Tree=2
num_leaves=31
num_cat=0
split_feature=18 13 18 13 0 9 18 14 0 17 5 15 17 1 6 9 16 1 18 0 10 10 17 1 16 11 15 16 1 8
split_gain=187.812 61.8012 26.6974 22.142 12.7878 9.27359 12.3119 8.9702 8.20952 11.3993 9.12837 10.1952 8.71446 8.16081 7.23128 8.25601 7.05734 6.9607 6.64375 7.03442 6.44699 14.2796 13.0504 7.26611 6.40717 5.95234 5.94138 6.61992 5.74099 5.46039
threshold=7.5000000000000009 0.36666666666666675 11.500000000000002 1.0000000180025095e-35 2200.0000000000005 0.14651229273870783 6.5000000000000009 0.29166666666666669 1750.0000000000002 20.750000000000004 1.0000000180025095e-35 1.5000000000000002 54.111607142857153 53.500000000000007 1.5000000000000002 0.10404971932638325 13.500000000000002 54.500000000000007 10.500000000000002 2200.0000000000005 0.18734335839598995 0.21825396825396823 42.954395604395614 52.500000000000007 13.500000000000002 0.025978407557354904 1.5000000000000002 11.500000000000002 55.250000000000007 3.5000000000000004
decision_type=2 2 2 2 2 2 2 2 2 2 2 2 2 2 2 2 2 2 2 2 2 2 2 2 2 2 2 2 2 2
left_child=1 4 3 8 5 6 26 -5 9 -2 11 -11 -12 -7 15 -8 -6 -16 19 28 23 -22 -23 25 -25 -4 27 -1 -10 -26
right_child=2 -3 20 7 16 13 14 -9 18 10 12 -13 -14 -15 17 -17 -18 -19 -20 -21 21 22 -24 24 29 -27 -28 -29 -30 -31
leaf_value=-0.066186164422358071 0.096804389203184391 -0.086871388812666483 -0.010780682331847796 -0.062378298436228878 -0.029760664502876066 0.069890722142897405 -0.054598630535087816 0.0065691630448087221 -0.021935721066921373 -0.0084003440947711065 0.012697285555156793 0.032215062385761377 0.051224058093332192 -0.013299117448941173 0.054057253375904626 0.02247076553518413 0.038565439496998088 -0.019148860541185905 0.025013557085887057 -0.057593785650933475 -0.034259444387725366 -0.011487418616548534 0.045203953631783214 0.016801900138073943 0.034313024641679152 0.033273666079374216 -0.065829187701498967 -0.026341202732484515 0.025510264501414914 0.058799785476317826
leaf_weight=13.527386132627724 4.5223015546798697 51.620325830765069 12.035414110869167 15.026261420920493 5.523715229704977 3.8904063552618053 10.357816889882086 6.8761734273284665 17.253222966566682 49.958360992372036 31.471848286688328 22.369194146245718 27.505355786532164 12.170412880368529 7.3225936237722635 5.2293042615056047 11.966900059953332 5.8342524990439415 13.255927864462135 8.042393356561659 10.58347576856613 14.014243107289074 36.82968919724226 18.307610459625721 37.698674045503139 21.12669325247407 22.198973346501589 45.442523274570704 10.112721480429174 57.479322958737612
leaf_count=93 3 634 29 91 38 8 69 36 87 201 104 70 60 88 30 28 35 31 46 40 38 35 73 55 74 31 171 318 36 99
internal_value=0.000498271 -0.0399557 0.0195394 0.00679788 -0.0230748 -0.0286371 -0.0338229 -0.0407325 0.0124406 0.0187538 0.0160657 0.00416104 0.0306651 0.00685193 -0.00570193 -0.0287427 0.0169874 0.0215948 -0.00518034 -0.0164841 0.0321779 0.0185793 0.029578 0.037874 0.0438904 0.0172852 -0.0437813 -0.0354814 -0.00440269 0.0491009
internal_weight=609.553 195.085 414.469 206.394 143.464 125.974 109.913 21.9024 184.491 135.827 131.305 72.3276 58.9772 16.0608 28.744 15.5871 17.4906 13.1568 48.6643 35.4083 208.075 61.4274 50.8439 146.648 113.486 33.1621 81.1689 58.9699 27.3659 95.178
internal_count=2751 1543 1208 774 909 836 740 127 647 438 435 271 164 96 158 97 73 61 209 163 434 146 108 288 228 60 582 411 123 173
is_linear=0
shrinkage=0.05


Tree=3
num_leaves=31
num_cat=0
split_feature=18 13 13 19 2 15 18 8 2 11 10 11 14 1 17 10 22 7 17 16 19 20 17 10 20 16 17 11 0 16
split_gain=146.971 37.3712 34.1925 22.8725 8.9411 9.63348 7.52454 10.0964 7.6708 8.6412 22.205 9.68415 7.44572 6.88726 6.69262 6.43823 10.0741 7.01176 6.09828 5.64433 5.30519 4.63083 5.68936 4.395 5.95298 3.94234 3.74341 3.47685 3.17279 3.63279
threshold=6.5000000000000009 0.87500000000000011 0.36666666666666675 158.95000000000002 2.5000000000000004 1.5000000000000002 8.5000000000000018 2.5000000000000004 3.5000000000000004 0.063392857142857112 0.19345238095238093 0.038181818181818157 0.29166666666666669 57.500000000000007 38.178750000000008 0.16987179487179482 5.5000000000000009 2.5000000000000004 29.078968253968256 13.500000000000002 76.950000000000017 2021.5000000000002 30.657954545454547 0.14511278195488717 2021.5000000000002 12.500000000000002 33.193181818181827 0.21000000000000005 1750.0000000000002 12.500000000000002
decision_type=2 2 2 2 2 2 2 2 2 2 2 2 2 2 2 2 2 2 2 2 2 2 2 2 2 2 2 2 2 2
left_child=2 3 4 6 -1 13 7 15 9 11 -11 -8 18 21 26 16 -2 -17 -10 28 -16 22 -6 24 -21 -23 -9 -7 29 -5
right_child=1 -3 -4 19 5 27 8 14 12 10 -12 -13 -14 -15 20 17 -18 -19 -20 23 -22 25 -24 -25 -26 -27 -28 -29 -30 -31
leaf_value=-0.064704327586526333 0.01651370657316056 -0.09175932540758891 -0.082820463715061257 0.022545153959589954 0.047152838471245129 -0.061904463323325866 0.013784581476442487 -0.030481529499222268 0.028069190608386325 -0.068328072843636622 0.021548976030173916 0.047565265705721622 0.055935865395070831 0.046498571534399416 -0.017111055357090357 0.010191478847716677 -0.076573039524101744 0.070762346698922785 -0.0056101043472048702 0.053089765884190523 0.043371110295921778 -0.060905194103725246 -0.012836343794731413 0.051441825433082893 0.0070926239213345904 -0.019835249095749335 -0.084421996196057142 -0.0081569065084724692 0.043774299684134287 -0.020480789721917862
leaf_weight=14.474394224584101 9.9832342676818353 8.0788022521883232 41.190588656812906 13.937276665121322 5.0428775083273676 16.521084586158398 40.48014728911221 9.2370773013681156 16.245478644967079 8.5122123528271896 35.6682980209589 44.581827439367771 6.4007509127259246 4.5991850364953271 19.69679621420801 12.439865469932558 4.1002333611249915 7.7574078105390063 77.848938995972276 12.469313368201258 4.4436021447181693 7.4535799548029891 18.277100956067443 53.233383052051067 16.137812331318855 27.043622478842735 4.9348302558064452 3.6789295598864546 8.3118539154529554 7.5708326883614054
leaf_count=143 44 75 594 35 29 151 147 59 51 42 116 101 14 16 129 64 26 20 279 26 13 44 206 79 26 124 33 19 22 24
internal_value=8.82805e-05 0.0147453 -0.0446486 0.0168236 -0.0284542 -0.0221032 0.00968131 -0.00435127 0.0141154 0.0221718 0.00423246 0.0314894 0.00375429 -0.0123902 -0.0219897 0.0153616 -0.0105874 0.0334557 0.000204654 0.0361621 -0.00597791 -0.0170746 0.000136142 0.0429479 0.0271419 -0.028709 -0.0492643 -0.0521157 0.0175388 0.00740007
internal_weight=560.351 422.07 138.281 413.991 97.0908 82.6164 302.331 72.593 229.738 129.242 44.1805 85.062 100.495 62.4164 38.3123 34.2807 14.0835 20.1973 94.0944 111.66 24.1404 57.8172 23.32 81.8405 28.6071 34.4972 14.1719 20.2 29.82 21.5081
internal_count=2751 1425 1326 1350 732 589 1138 388 750 406 158 248 344 419 234 154 70 84 330 212 142 403 235 131 52 168 92 170 81 59
is_linear=0
shrinkage=0.05


Tree=4
num_leaves=31
num_cat=0
split_feature=19 13 13 18 23 13 3 23 18 23 23 2 19 23 15 23 23 23 20 11 17 15 7 23 10 17 19 16 17 2
split_gain=127.326 27.8485 25.4161 20.5426 14.5749 10.8251 8.98779 21.7548 10.3898 7.3901 6.63233 6.20053 5.38976 14.5994 12.1803 8.86893 10.0916 4.9831 6.77799 5.76238 4.7323 4.53416 4.19745 4.08614 4.80306 4.25756 3.04577 5.10438 3.00689 2.66833
threshold=18.650000000000002 0.36666666666666675 0.87500000000000011 11.500000000000002 164.35000000000005 1.0000000180025095e-35 1.0000000180025095e-35 109.35000000000001 9.5000000000000018 69.65000000000002 108.45000000000002 2.5000000000000004 109.20000000000002 105.85000000000001 1.5000000000000002 109.25000000000001 106.15000000000002 108.65000000000002 2021.5000000000002 0.16025641025641021 34.234469696969704 1.5000000000000002 1.5000000000000002 94.250000000000014 0.23030303030303029 37.151190476190479 12.750000000000002 12.500000000000002 31.476136363636368 3.5000000000000004
decision_type=2 2 2 2 2 2 2 2 2 2 2 2 2 2 2 2 2 2 2 2 2 2 2 2 2 2 2 2 2 2
left_child=1 10 3 4 5 6 7 -2 -8 -5 21 -7 13 29 -15 16 -14 -12 26 -20 -13 23 -17 24 -1 -26 27 -19 -28 -11
right_child=2 -3 -4 9 -6 11 8 -9 -10 12 17 20 15 14 -16 22 -18 18 19 -21 -22 -23 -24 -25 25 -27 28 -29 -30 -31
leaf_value=-0.043889665411123893 -0.0027177199505398308 -0.078709233377192045 -0.086851832723568667 -0.0077811929413911492 0.068963822943947498 0.028683481769315324 -0.020949255953166115 0.047494684364275397 0.011745059454208695 0.06624794675518951 0.043430185698064026 -5.0717520538976881e-05 0.036771822590165724 -0.036256099559823556 0.029488219218601591 0.037918133126015441 -0.0091496505095266575 -0.060955128052378016 -0.050963279498108686 0.010162463760204507 -0.072150937757297293 -0.06575675304411964 0.063191465018979459 -0.055459083606686659 0.026698844176100245 -0.028322350147027432 0.057891274071469795 0.012638928996908043 -0.0052947279556168764 0.029322322716620181
leaf_weight=11.588433107361199 53.937833029776812 37.465795219875872 6.0914587024599305 13.135857231914995 8.6554000247269851 2.7975238822400561 48.5092410473153 35.947337185963988 48.690638672560453 11.059917267411949 3.5443288944661608 3.0448240358382455 36.68929984793067 15.312142329290511 13.048507921397684 37.496368985623121 17.752716351300478 3.6351601500064152 16.953531302511696 4.990583397448062 9.0111009730026108 12.797631830908356 29.239613324403763 11.9431368811056 7.1340291667729598 6.9326042309403419 4.0471935234963885 6.6963385213166475 3.5208097379654646 8.7733623571693879
leaf_count=103 233 593 75 42 19 14 302 90 159 18 16 18 72 62 30 70 59 48 105 16 68 129 47 120 39 67 14 61 35 27
internal_value=0.000451999 -0.0422701 0.0144985 0.016069 0.00542846 0.00270523 0.00596713 0.0173635 -0.00457159 0.028347 -0.027713 -0.0383797 0.031149 0.0170057 -0.00600767 0.0367739 0.0217975 -0.0133828 -0.0184366 -0.0370619 -0.0539414 -0.0400505 0.0489914 -0.0313006 -0.0200541 -0.000417819 0.00439724 -0.0132553 0.0284957 0.0499137
internal_weight=530.443 131.25 399.193 393.102 210.594 201.938 187.085 89.8852 97.1999 182.508 93.7838 14.8534 169.372 48.1939 28.3607 121.178 54.442 43.3879 39.8436 21.9441 12.0559 50.3958 66.736 37.5982 25.6551 14.0666 17.8995 10.3315 7.568 19.8333
internal_count=2751 1346 1405 1330 903 884 784 323 461 427 753 100 385 137 92 248 131 295 279 121 86 458 117 329 209 106 158 109 49 45
is_linear=0
shrinkage=0.05


Tree=5
num_leaves=31
num_cat=0
split_feature=18 13 13 23 16 23 0 23 23 0 23 23 23 10 18 23 6 9 8 23 0 23 18 10 17 10 23 5 17 23
split_gain=99.0416 41.265 13.3725 12.623 11.8799 11.8091 9.80938 20.4884 15.6187 14.4337 16.2194 15.1922 9.50557 13.1205 13.7619 7.37428 6.33711 4.80386 10.1866 4.86842 6.05031 4.83748 3.11836 3.08626 2.75445 2.65204 2.0756 1.95221 1.85041 1.81833
threshold=8.5000000000000018 1.0000000180025095e-35 0.36666666666666675 107.45000000000002 9.5000000000000018 108.55000000000001 2200.0000000000005 164.95000000000002 122.95000000000002 1900.0000000000002 108.95000000000002 105.55000000000001 74.200000000000003 0.17349498327759191 6.5000000000000009 121.95000000000002 1.5000000000000002 0.042791762013729959 1.5000000000000002 163.45000000000002 1900.0000000000002 125.95000000000002 13.500000000000002 0.13263888888888889 56.346428571428582 0.13809523809523808 108.15000000000002 1.0000000180025095e-35 34.088571428571434 60.650000000000013
decision_type=2 2 2 2 2 2 2 2 2 2 2 2 2 2 2 2 2 2 2 2 2 2 2 2 2 2 2 2 2 2
left_child=1 4 6 27 25 12 8 24 9 10 11 -2 13 29 -15 -11 -12 18 -7 20 -19 -20 23 -10 -8 -1 28 -4 -14 -6
right_child=2 -3 3 -5 5 17 7 -9 22 15 16 -13 26 14 -16 -17 -18 19 21 -21 -22 -23 -24 -25 -26 -27 -28 -29 -30 -31
leaf_value=-0.0072010773021196255 0.021646702968654993 -0.07136181155711506 -0.04192981400799442 0.01682672092535584 -0.081323778499135649 0.068129797465996469 -0.06280999723124496 0.053792827405938118 0.061831920863152257 -0.07517833137079323 0.055441864160602629 -0.01268026750045625 -0.024754716174703165 -0.02597866061320956 0.045830227017846059 -0.0037712587565203433 0.024323805139031415 0.0080840912388465483 -0.057930865474646133 0.044767862448872868 -0.03306353908933312 0.026793828081669031 0.070186950920323649 0.019920102279776419 -0.019665644826333591 -0.068180021598975404 -0.011109053356329135 -0.087605694379647533 -0.056089617218195269 -0.038430488851740954
leaf_weight=2.0922659486532202 121.62511252239347 43.767364290542901 4.6115262713283318 9.4475864041596633 4.045743525028227 8.1374852750450355 9.1455963626503962 7.8853052649646989 8.2954489216208476 5.4700729735195663 37.305799854919314 43.854195071384311 5.9859439544379738 12.927529358305037 13.788647724315524 10.664589218795298 29.140943288803101 21.813630927354097 3.3235807958990327 4.7981701195240012 15.130051444284616 3.4167593009769917 15.879305198788641 9.3354055844247323 6.212147280573844 12.064172935672103 4.0444794259965411 4.747824352234602 22.127625527791679 6.3469199575483799
leaf_count=16 346 711 31 36 34 25 41 17 17 25 70 183 48 105 50 38 82 107 39 15 120 20 27 44 17 114 32 24 234 53
internal_value=0.000325836 -0.0289847 0.0169736 -0.0239446 -0.0157406 -0.0108571 0.0194983 -0.0117208 0.0220754 0.0177472 0.0209283 0.0125496 -0.0247026 -0.00746004 0.0110831 -0.0279801 0.0417947 0.00608109 0.0304759 -0.00261382 -0.00876766 -0.0149829 0.0541151 0.0396399 -0.0453583 -0.0591676 -0.0445997 -0.0651003 -0.0494178 -0.0551283
internal_weight=507.431 183.81 323.621 18.8069 140.043 125.887 304.814 23.243 281.571 248.061 231.926 165.479 69.2669 37.1088 26.7162 16.1347 66.4467 56.6197 14.8778 41.7419 36.9437 6.74034 33.5102 17.6309 15.3577 14.1564 32.158 9.35935 28.1136 10.3927
internal_count=2721 1723 998 91 1012 882 907 75 832 744 681 529 556 242 155 63 152 326 84 242 227 59 88 61 58 130 314 55 282 87
is_linear=0
shrinkage=0.05


Tree=6
num_leaves=31
num_cat=0
split_feature=19 13 23 19 23 2 13 23 23 0 17 2 17 9 17 6 23 23 0 19 17 23 9 23 0 23 8 20 0 23
split_gain=94.2603 36.656 13.5714 10.134 9.74858 8.34686 8.71732 6.50211 7.93535 9.23695 7.77642 5.3452 8.11318 5.31202 5.22971 4.98375 4.78958 4.58286 10.4743 10.3252 4.55177 4.15109 3.97272 12.5582 9.52631 3.76508 3.39181 2.81175 2.6609 6.73524
threshold=33.550000000000004 0.29166666666666669 60.45000000000001 9.6500000000000004 160.85000000000005 4.5000000000000009 0.45000000000000007 69.350000000000009 107.95000000000002 1750.0000000000002 34.43571428571429 2.5000000000000004 35.170833333333341 0.17515516611902152 53.22403846153847 1.5000000000000002 95.65000000000002 108.65000000000002 1600.0000000000002 148.85000000000002 46.249450549450557 107.45000000000002 0.053342816500711203 107.85000000000001 1100.0000000000002 112.65000000000002 3.5000000000000004 2019.0000000000002 1350.0000000000002 70.350000000000009
decision_type=2 2 2 2 2 2 2 2 2 2 2 2 2 2 2 2 2 2 2 2 2 2 2 2 2 2 2 2 2 2
left_child=1 3 -2 13 14 6 11 -7 10 -10 -9 12 25 27 22 -11 -14 18 -13 -19 -15 -8 23 -5 -24 -4 -12 -1 29 -16
right_child=2 -3 5 4 -6 7 21 8 9 15 26 17 16 20 28 -17 -18 19 -20 -21 -22 -23 24 -25 -26 -27 -28 -29 -30 -31
leaf_value=-0.014141970249945067 -0.047152838660999098 -0.067807923454717006 -0.070867994734517825 -0.049026225335759968 0.037610373299080679 0.048396784919165312 -0.065621635146443646 0.01923689276095493 0.054750554442720846 0.012780683699285995 -0.074306869399374448 0.030845166661296504 -0.0018741157715302409 -0.054504097054634652 -0.053825900235119399 -0.034253198828740984 0.041243286993145035 0.020879352266323491 -0.0076635928483381596 0.053458075301290355 0.018885114386625448 0.0056196309680750589 0.055750369547454409 0.014093948962890582 -0.0069888330665379755 -0.0010131680991690398 -0.025474252618508247 -0.055326907731652088 -0.042121527544398955 0.043863508140378871
leaf_weight=5.032364082522693 7.8124321466311804 43.038035065867007 4.0416596978902808 16.14530544355512 10.915253594517706 7.0774147659540168 3.723336795344947 6.3351500332355526 9.3154644966125471 16.119605135172606 6.4159536287188512 70.105942372232676 12.219597276300194 3.136753758415578 3.5955916941165951 8.6568357348442095 13.618938215076922 50.28939157538116 23.603323575109243 47.09654738381505 6.4721878143027425 4.5355144031345844 7.6200554184615603 15.393038626760243 29.373177037574351 3.6901390291750431 7.9770226795226336 23.481106931343675 17.949683237820864 3.4644658686593175
leaf_count=91 42 713 35 131 39 14 30 21 16 45 39 173 45 32 34 42 45 168 99 84 40 22 17 85 183 16 35 208 156 21
internal_value=0.000686267 -0.0273657 0.0178916 -0.015158 -0.00710507 0.0196152 0.0239521 0.00329507 -0.00252768 0.0123056 -0.0269243 0.0258067 0.00740612 -0.0372233 -0.0123229 -0.00365285 0.0208521 0.0290392 0.0211456 0.0366347 -0.00507214 -0.0264981 -0.00518094 -0.0182189 0.00593451 -0.0375285 -0.0472424 -0.0480581 -0.0318932 -0.00588838
internal_weight=488.251 185.617 302.634 142.579 104.457 294.822 232.924 61.8974 54.82 34.0919 20.7281 224.666 33.5703 38.1224 93.5413 24.7764 25.8385 191.095 93.7093 97.3859 9.60894 8.25885 68.5316 31.5383 36.9932 7.7318 14.393 28.5135 25.0097 7.06006
internal_count=2721 1750 971 1037 666 929 717 212 198 103 95 665 141 371 627 87 90 524 272 252 72 52 416 216 200 51 74 299 211 55
is_linear=0
shrinkage=0.05


Tree=7
num_leaves=31
num_cat=0
split_feature=19 19 13 13 8 17 2 7 13 17 7 7 10 10 10 17 17 9 19 11 15 2 15 19 17 17 11 20 17 20
split_gain=84.3217 20.8603 15.1951 6.12597 5.50018 5.60558 11.3694 7.69172 6.78506 6.1122 5.21326 5.2002 4.94975 4.38479 4.71796 4.28681 8.02893 4.87129 4.27747 5.68798 4.15158 3.78509 3.49418 3.29172 4.70271 4.17616 3.92839 3.30822 3.27495 3.16052
threshold=17.350000000000005 48.650000000000013 0.36666666666666675 0.36666666666666675 4.5000000000000009 53.22403846153847 4.5000000000000009 1.0000000180025095e-35 0.45000000000000007 61.756089743589754 2.5000000000000004 1.0000000180025095e-35 0.18301435406698563 0.16204051012753187 0.2069580731489741 34.218636363636371 28.927857142857146 0.025167084377610654 135.60000000000005 0.043055555555555507 1.5000000000000002 5.5000000000000009 1.5000000000000002 9.6500000000000004 27.933482142857148 64.956250000000026 1.0000000180025095e-35 2021.5000000000002 71.023660714285725 2021.5000000000002
decision_type=2 2 2 2 2 2 2 2 2 2 2 2 2 2 2 2 2 2 2 2 2 2 2 2 2 2 2 2 2 2
left_child=2 4 20 11 5 6 8 -7 22 -9 -11 18 -5 -8 -15 16 -13 -18 19 -3 23 -17 -2 25 -25 27 -26 -1 -27 -23
right_child=1 3 -4 12 -6 7 13 9 -10 10 -12 15 -14 14 -16 21 17 -19 -20 -21 -22 29 -24 24 26 28 -28 -29 -30 -31
leaf_value=-0.017944615370746427 0.010481583662304674 -0.062411041100866829 -0.069948690408868447 -0.046751321263483241 -0.06357999511656319 0.043839354231121744 -0.071618999400250183 -0.062172875988820812 -0.049094399390206406 -0.031944227949936226 0.025670674808202232 0.029043339369753285 0.01765557385321825 0.023108771986404958 -0.037966677137733114 0.028227342660568696 -0.065151436878424687 0.00070003288335072011 0.026893701819946672 0.01072500290747937 -0.048862007699690173 -0.029024317432787845 0.037778703641001554 0.026868625651561218 0.017111908735636297 0.045663173780161166 -0.031838948775316615 -0.058067866398334035 -0.027300147126468124 0.024195880682529394
leaf_weight=8.1408487865701371 42.056559984572232 5.0865132212638873 28.787090445868671 6.0248131584376079 3.9385909587144843 3.9658767431974438 4.8494105916470316 9.8749478776007908 4.0167872402817002 12.039903232827784 5.8262181486934415 15.284160858020188 5.9084633961319923 4.8923072610050431 8.9402367752045375 183.12651615589857 4.7322721406817418 6.9077692944556475 6.6602591313421717 5.5693324953317642 17.110591473989189 5.4451950527727586 16.25427704397589 6.9359240625053671 5.3776987846940782 2.6150156799703828 17.231462597846985 13.924845721572636 3.7338607702404261 5.7200581133365631
leaf_count=130 208 25 568 34 23 12 36 85 52 108 27 47 28 27 59 494 25 34 15 18 188 30 58 37 40 14 144 113 30 12
internal_value=0.00071198 0.0119646 -0.0390644 0.0200986 -0.00549957 -0.0034701 0.00350572 -0.021293 0.0137609 -0.0306043 -0.0131558 0.0218476 -0.0148619 -0.030708 -0.0163655 0.0239131 0.00521555 -0.026072 -0.00453938 -0.0241861 -0.0272212 0.0265041 0.0180907 -0.0208325 -0.00914704 -0.0329829 -0.0201957 -0.0432649 0.00275245 -0.00175914
internal_weight=470.978 367.12 103.857 250.465 116.655 112.717 81.0096 31.7069 62.3276 27.7411 17.8661 238.532 11.9333 18.682 13.8325 221.216 26.9242 11.64 17.3161 10.6558 75.0702 194.292 58.3108 57.9597 29.5451 28.4146 22.6092 22.0657 6.34888 11.1653
internal_count=2721 1457 1264 762 695 672 440 232 318 220 135 700 62 122 86 642 106 59 58 43 696 536 266 508 221 287 184 243 44 42
is_linear=0
shrinkage=0.05


Tree=8
num_leaves=31
num_cat=0
split_feature=18 13 23 16 3 23 23 23 3 23 2 23 17 16 23 23 23 23 9 20 1 23 23 23 20 23 7 23 18 9
split_gain=70.5773 27.0633 13.2083 14.6248 11.7575 12.2281 9.4324 9.4377 8.64614 6.75914 7.27728 6.36741 5.83808 7.08647 6.8489 5.71994 9.34407 5.52936 5.50196 5.11619 5.02136 4.59326 7.05846 3.66062 11.3413 8.19438 6.41845 16.9352 5.38208 5.33836
threshold=9.5000000000000018 0.55000000000000016 108.15000000000002 12.500000000000002 1.0000000180025095e-35 109.75000000000001 74.200000000000003 60.250000000000007 1.0000000180025095e-35 70.750000000000014 4.5000000000000009 71.750000000000014 55.180555555555564 14.500000000000002 69.65000000000002 161.65000000000001 108.75000000000001 71.15000000000002 0.063220940550133067 2016.5000000000002 56.500000000000007 108.45000000000002 110.75000000000001 109.95000000000002 2021.5000000000002 104.55000000000001 1.5000000000000002 122.95000000000002 12.500000000000002 0.051064754454584908
decision_type=2 2 2 2 2 2 2 2 2 2 2 2 2 2 2 2 2 2 2 2 2 2 2 2 2 2 2 2 2 2
left_child=1 2 6 -4 5 -5 7 -1 18 12 17 -10 14 -14 -2 16 -6 -11 -9 -8 21 -12 -23 24 25 -19 27 -25 -28 -26
right_child=9 -3 3 4 15 -7 19 8 11 10 20 -13 13 -15 -16 -17 -18 23 -20 -21 -22 22 -24 26 29 -27 28 -29 -30 -31
leaf_value=-0.059845376389890508 -0.0028580203070400364 -0.072628928464462783 -0.031085371425489079 -0.00078545053675245155 0.051692540947512737 0.069652739475675796 0.014837367712749953 -0.012660598527647851 -0.033054433408764822 0.081045897460697777 -0.019742936649207874 0.025410677871088461 0.011854896837989615 -0.055823460987368373 0.047566925702210099 0.023479251711866652 -0.035420166115308932 0.015305744937314332 0.052511639317603248 -0.050590561073275031 -0.016767827212911809 0.06799408221255665 0.0019733098737538478 -0.037201079117340212 0.042871320960076911 -0.038441058664630712 0.031966254562804559 0.036875765371132539 0.07186002658497509 0.01272081741406806
leaf_weight=8.8501434186473471 20.474888265132908 22.684837003238499 26.616965401452035 10.796096336096527 3.7029560506343868 14.352535896003245 3.2419725684449068 5.0782731026411048 20.368743734434251 4.5378058291971675 5.6975654792040613 6.037399308755993 7.3134122285991898 8.2097799032926542 10.034023836255072 10.977746480144559 18.248652410693467 16.712306324392561 8.9384519699960929 38.119578441604972 17.899968339130282 7.5119381137192276 8.7806703299283964 9.9134909976273757 35.774083953350782 12.319273200817404 19.612342208623886 34.799701686948538 14.860141746699808 24.899438068270683
leaf_count=86 77 486 243 73 12 33 67 47 186 7 38 34 23 31 30 47 192 57 26 397 76 11 31 42 54 84 55 98 22 56
internal_value=0.00123869 -0.0212398 -0.0145908 -0.000394243 0.0136714 0.0394142 -0.0278571 -0.0130786 -0.00283958 0.018401 0.0221506 -0.0196872 0.00102475 -0.0239383 0.0137262 -0.00598875 -0.0207254 0.0265797 0.0288997 -0.0454622 0.00289455 0.0188997 0.0324131 0.0251163 0.0182002 -0.0075012 0.0329511 0.020452 0.0491634 0.030498
internal_weight=457.365 198.014 175.33 84.695 58.078 25.1486 90.6346 49.273 40.4229 259.351 213.319 26.4061 46.0321 15.5232 30.5089 32.9294 21.9516 173.429 14.0167 41.3616 39.8901 21.9902 16.2926 168.891 89.7051 29.0316 79.1857 44.7132 34.4725 60.6735
internal_count=2721 1929 1443 600 357 106 843 379 293 792 631 220 161 54 107 251 204 475 73 464 156 80 42 468 251 141 217 140 77 110
is_linear=0
shrinkage=0.05


Tree=9
num_leaves=31
num_cat=0
split_feature=13 16 23 2 23 0 0 23 11 23 2 9 23 2 13 23 20 10 9 20 2 10 9 23 6 23 14 16 23 16
split_gain=50.2843 18.604 15.1252 11.9799 8.52875 16.7683 15.2063 23.5981 9.2957 8.96584 9.16428 8.02845 6.81744 6.49425 5.41394 5.17029 5.08655 5.0593 7.20251 4.14896 3.70386 3.48539 3.29455 3.56208 1.00896 0.87054 0.864617 1.21845 0.825263 0.670464
threshold=0.36666666666666675 9.5000000000000018 60.350000000000001 6.5000000000000009 109.15000000000002 1750.0000000000002 1600.0000000000002 107.35000000000001 0.046256684491978554 92.550000000000011 2.5000000000000004 0.033520599250936305 163.45000000000002 3.5000000000000004 0.70833333333333337 110.85000000000001 2016.5000000000002 0.18734335839598995 0.051956815114709808 2019.0000000000002 3.5000000000000004 0.12372448979591837 0.051956815114709808 72.050000000000011 1.5000000000000002 59.95000000000001 0.41666666666666669 12.500000000000002 108.15000000000002 8.5000000000000018
decision_type=2 2 2 2 2 2 2 2 2 2 2 2 2 2 2 2 2 2 2 2 2 2 2 2 2 2 2 2 2 2
left_child=1 22 19 14 6 15 9 16 11 10 -4 -7 -10 -9 17 20 -8 18 21 -3 -6 -2 23 -1 -17 -21 -19 -28 -23 -25
right_child=3 2 4 -5 5 8 7 13 12 -11 -12 -13 -14 -15 -16 24 -18 26 -20 25 -22 28 -24 29 -26 -27 27 -29 -30 -31
leaf_value=0.019654796879930509 0.013619182287807889 0.005876612317006473 -0.031092183890744945 0.049724449044565057 0.017556958973999424 -0.001182478392760096 0.0068225679522711915 -0.014282521342448 -0.014416028270997578 0.054154773204500233 0.014151512731990929 0.038676348716265387 0.034958502499866921 0.022395685398901174 -0.072779075061165474 0.067646765797321859 -0.069349044915663724 -0.06899324679541663 0.056082846353179699 -0.078608591421082313 0.054603720072128561 -0.075013160404173093 -0.068846782856115382 -0.071150898809718879 0.047050894023862755 -0.048084691802544217 -0.0047560461642590863 -0.064731449427427076 -0.032797047614458272 -0.034474661622360382
leaf_weight=3.0106094181537646 2.2889247778803128 3.0335606690496197 12.448720375075935 2.9158684313297263 23.405378747731447 21.189563831314445 2.4948585508391288 24.339057247154415 46.080426245927811 12.420043220743535 110.90103588160127 31.287346942350268 8.2416767906397563 23.938214581459761 21.513478183653206 13.669942006468773 18.035261048004031 8.1259849509224278 2.82570162974298 4.1124440766870958 9.4791786819696409 3.3801380190998316 7.9157133325934401 2.0183198805898428 10.524507362395525 5.4071069657802582 1.4764841031283134 1.9858091147616503 1.7606377992779014 3.2567488113418221
leaf_count=16 11 36 79 12 77 105 37 176 285 34 490 105 26 91 466 22 150 137 13 31 16 45 82 23 28 34 18 30 15 31
internal_value=0.000950002 0.00669648 0.00892785 -0.048378 0.0107667 0.0192661 0.00395815 -0.0151905 0.00757352 0.0136626 0.00958542 0.0225818 -0.00692499 0.00390431 -0.0549756 0.0411437 -0.0600925 -0.0374413 -0.0118622 -0.0450442 0.0282359 -0.0377034 -0.0457787 -0.0237407 0.0586876 -0.061271 -0.0600783 -0.0391551 -0.0605548 -0.0485075
internal_weight=443.483 397.21 381.008 46.273 368.455 163.878 204.577 68.8074 106.799 135.77 123.35 52.4769 54.3221 48.2773 43.3572 57.079 20.5301 21.8437 10.2554 12.5531 32.8846 7.4297 16.2014 8.28568 24.1944 9.51955 11.5883 3.46229 5.14078 5.27507
internal_count=2721 1974 1822 747 1721 664 1057 454 521 603 569 210 311 267 735 143 187 269 84 101 93 71 152 70 50 65 185 48 60 54
is_linear=0
shrinkage=0.05


end of trees

feature_importances:
Column_23=66
Column_17=27
Column_13=19
Column_0=18
Column_2=18
Column_10=18
Column_18=18
Column_19=17
Column_11=15
Column_16=15
Column_9=13
Column_20=12
Column_15=9
Column_1=7
Column_7=6
Column_6=5
Column_8=5
Column_14=4
Column_3=3
Column_5=2
Column_12=2
Column_22=1

parameters:
[boosting: gbdt]
[objective: lambdarank]
[metric: ndcg]
[tree_learner: serial]
[device_type: cpu]
[data_sample_strategy: bagging]
[data: ]
[valid: ]
[num_iterations: 500]
[learning_rate: 0.05]
[num_leaves: 31]
[num_threads: 0]
[seed: 0]
[deterministic: 0]
[force_col_wise: 0]
[force_row_wise: 0]
[histogram_pool_size: -1]
[max_depth: 7]
[min_data_in_leaf: 20]
[min_sum_hessian_in_leaf: 0.001]
[bagging_fraction: 0.8]
[pos_bagging_fraction: 1]
[neg_bagging_fraction: 1]
[bagging_freq: 5]
[bagging_seed: 3]
[bagging_by_query: 0]
[feature_fraction: 0.8]
[feature_fraction_bynode: 1]
[feature_fraction_seed: 2]
[extra_trees: 0]
[extra_seed: 6]
[early_stopping_round: 0]
[early_stopping_min_delta: 0]
[first_metric_only: 0]
[max_delta_step: 0]
[lambda_l1: 0]
[lambda_l2: 0]
[linear_lambda: 0]
[min_gain_to_split: 0]
[drop_rate: 0.1]
[max_drop: 50]
[skip_drop: 0.5]
[xgboost_dart_mode: 0]
[uniform_drop: 0]
[drop_seed: 4]
[top_rate: 0.2]
[other_rate: 0.1]
[min_data_per_group: 100]
[max_cat_threshold: 32]
[cat_l2: 10]
[cat_smooth: 10]
[max_cat_to_onehot: 4]
[top_k: 20]
[monotone_constraints: ]
[monotone_constraints_method: basic]
[monotone_penalty: 0]
[feature_contri: ]
[forcedsplits_filename: ]
[refit_decay_rate: 0.9]
[cegb_tradeoff: 1]
[cegb_penalty_split: 0]
[cegb_penalty_feature_lazy: ]
[cegb_penalty_feature_coupled: ]
[path_smooth: 0]
[interaction_constraints: ]
[verbosity: -1]
[saved_feature_importance_type: 0]
[use_quantized_grad: 0]
[num_grad_quant_bins: 4]
[quant_train_renew_leaf: 0]
[stochastic_rounding: 1]
[linear_tree: 0]
[max_bin: 255]
[max_bin_by_feature: ]
[min_data_in_bin: 3]
[bin_construct_sample_cnt: 200000]
[data_random_seed: 1]
[is_enable_sparse: 1]
[enable_bundle: 1]
[use_missing: 1]
[zero_as_missing: 0]
[feature_pre_filter: 1]
[pre_partition: 0]
[two_round: 0]
[header: 0]
[label_column: ]
[weight_column: ]
[group_column: ]
[ignore_column: ]
[categorical_feature: ]
[forcedbins_filename: ]
[precise_float_parser: 0]
[parser_config_file: ]
[objective_seed: 5]
[num_class: 1]
[is_unbalance: 0]
[scale_pos_weight: 1]
[sigmoid: 1]
[boost_from_average: 1]
[reg_sqrt: 0]
[alpha: 0.9]
[fair_c: 1]
[poisson_max_delta_step: 0.7]
[tweedie_variance_power: 1.5]
[lambdarank_truncation_level: 30]
[lambdarank_norm: 1]
[label_gain: ]
[lambdarank_position_bias_regularization: 0]
[eval_at: 1,3,5]
[multi_error_top_k: 1]
[auc_mu_weights: ]
[num_machines: 1]
[local_listen_port: 12400]
[time_out: 120]
[machine_list_filename: ]
[machines: ]
[gpu_platform_id: -1]
[gpu_device_id: -1]
[gpu_use_dp: 0]
[num_gpu: 1]

end of parameters

pandas_categorical:null
