tree
version=v4
num_class=1
num_tree_per_iteration=1
label_index=0
max_feature_idx=23
objective=lambdarank
feature_names=Column_0 Column_1 Column_2 Column_3 Column_4 Column_5 Column_6 Column_7 Column_8 Column_9 Column_10 Column_11 Column_12 Column_13 Column_14 Column_15 Column_16 Column_17 Column_18 Column_19 Column_20 Column_21 Column_22 Column_23
feature_infos=[1000:2600] [48:59] [2:9] [0:1] [0:2] [0:2] [0:2] [0:3] [0:5] [0:0.5] [0:1] [0:1] [0:1] [0:1] [0:1] [1:5] [5:16] [12.48:127.28571428571428] [1:16] [1.2:564.70000000000005] [2016:2023] none [5:6] [57.5:179.90000000000001]
tree_sizes=974 3202 2033 2476 3030 2480 3019 1827 3148 2259

Tree=0
num_leaves=8
num_cat=0
split_feature=18 13 13 19 18 23 23
split_gain=171.483 43.0204 12.7725 5.50463 3.81375 3.59526 1.70684
threshold=8.5000000000000018 1.0000000180025095e-35 0.45000000000000007 59.050000000000004 6.5000000000000009 161.65000000000001 60.650000000000013
decision_type=2 2 2 2 2 2 2
left_child=1 4 3 -2 5 -1 -5
right_child=2 -3 -4 6 -6 -7 -8
leaf_value=-0.00064407729087913822 0.000453554163236357 -0.001887851261600744 -0.00020113337334098984 0 0 0.00015714035091381583 0.0013103709581443336
leaf_weight=51.148936988320202 34.718046752386726 43.589448346407153 8.4518337203189713 1.1762589029967774 31.769843284972012 3.9257287536747745 84.069790780777112
leaf_count=781 394 879 110 20 415 43 702
internal_value=2.99493e-06 -0.000969647 0.00100007 0.00110282 -0.000374491 -0.000552258 0.0012911
internal_weight=258.85 130.434 128.416 119.964 86.8445 55.0747 85.246
internal_count=3344 2118 1226 1116 1239 824 722
is_linear=0
shrinkage=0.00124659


Tree=1
num_leaves=29
num_cat=0
split_feature=18 13 19 13 18 16 13 2 23 23 23 11 19 19 18 23 23 19 23 23 2 23 17 19 19 17 19 17
split_gain=1052.65 146.286 70.0417 27.3678 21.6859 19.401 19.338 16.6681 14.6157 12.2176 10.5025 9.01746 7.86873 6.85882 6.68698 6.3435 6.54904 8.74528 5.59545 5.35138 5.03785 3.95553 3.9462 2.68906 3.29926 2.8819 2.42141 1.9777
threshold=8.5000000000000018 1.0000000180025095e-35 59.050000000000004 0.45000000000000007 6.5000000000000009 9.5000000000000018 1.0000000180025095e-35 4.5000000000000009 60.750000000000007 160.85000000000005 107.95000000000002 0.047338935574229656 31.400000000000002 9.6500000000000004 12.500000000000002 67.500000000000014 108.15000000000002 73.850000000000009 111.75000000000001 97.350000000000009 6.5000000000000009 60.350000000000001 58.86538461538462 42.050000000000004 25.450000000000003 30.337500000000002 2.0500000000000003 35.735267857142865
decision_type=2 2 2 2 2 2 2 2 2 2 2 2 2 2 2 2 2 2 2 2 2 2 2 2 2 2 2 2
left_child=1 4 6 5 9 -4 11 8 -7 26 -9 23 19 -11 -5 21 17 -17 -18 -13 27 -6 -14 24 -2 -25 -1 -8
right_child=2 -3 3 14 15 7 20 10 -10 13 -12 12 22 -15 -16 16 18 -19 -20 -21 -22 -23 -24 25 -26 -27 -28 -29
leaf_value=0 -0.00032239051554838136 -0.0022627616200101459 -0.00026107944289316919 -0.00081870851453067265 -0.00030176402883777835 -0.00029042907165128038 -9.014019472801803e-06 0.00018742218164952132 0.0014519743994300589 -0.0006388046014192643 0.0010576527892806802 0.0004807572741808479 0.00099552721457528263 0.00053460668772654246 0.00034237612282938851 -0.00094396786320603257 0.00031219332445384107 0.00032154386398470792 -0.00042394989013581956 -0.00046744787951157627 0.00019513761584852098 0.00061690939842598818 0 0.00016622812410775219 0.00041321359459544759 -0.00057043664272168502 -0.001172058545804095 -0.0010838843575263323
leaf_weight=4.7696580905467263 4.812362082302573 182.56028522737324 8.6694958657026273 7.4284153841435892 3.4571622200310221 3.8075137659907332 6.3118845708668294 45.357944056391716 397.06356607377529 6.1628569550812236 56.327032189816236 10.276084177196028 48.59722988307476 9.2069093659520131 6.9632658585906029 36.827525157481432 22.585378859192133 4.4972868002951136 24.746456539258361 10.841359745711086 3.0815728157758704 10.956447269767521 8.7283019423484784 5.1157350614666965 23.007349587976933 12.992224209010599 168.22741296328604 12.814642339944838
leaf_count=14 21 879 13 30 16 15 21 85 532 28 77 26 120 24 17 172 71 13 115 42 5 28 31 16 65 55 758 55
internal_value=9.1686e-06 -0.00139913 0.00100902 0.00121972 -0.000807801 0.00126794 0.000220587 0.0013007 0.0014267 -0.00105684 0.000723888 0.000422897 0.000660405 0 -0.000272614 -0.000297065 -0.000426477 -0.000748339 -5.31048e-05 0 -0.000679124 0.000305344 0.000874407 0 0.000203679 -0.000321637 -0.00114748 -0.000887354
internal_weight=1146.19 473.997 672.196 525.617 291.437 511.226 146.579 502.556 400.871 188.367 101.685 124.371 78.443 15.3698 14.3917 103.07 88.6566 41.3248 47.3318 21.1174 22.2081 14.4136 57.3255 45.9277 27.8197 18.108 172.997 19.1265
internal_count=3344 2118 1226 769 1239 722 457 709 547 824 162 376 219 52 47 415 371 185 186 68 81 44 151 157 86 71 772 76
is_linear=0
shrinkage=0.00124659


Tree=2
num_leaves=18
num_cat=0
split_feature=18 13 13 18 18 0 2 2 18 0 11 18 11 18 10 18 10
split_gain=988.939 137.335 67.7557 37.5097 24.0526 14.1418 12.1946 11.4906 13.8411 8.47163 7.22248 7.10947 6.62609 6.40915 4.01352 2.69139 2.22179
threshold=8.5000000000000018 1.0000000180025095e-35 0.45000000000000007 9.5000000000000018 6.5000000000000009 2200.0000000000005 6.5000000000000009 4.5000000000000009 11.500000000000002 1100.0000000000002 0.022321428571428555 12.500000000000002 0.026671408250355601 10.500000000000002 0.29669386002576215 7.5000000000000009 0.13118961352657002
decision_type=2 2 2 2 2 2 2 2 2 2 2 2 2 2 2 2 2
left_child=1 4 3 12 5 -1 11 -5 13 15 -10 -4 -2 -9 16 -6 -14
right_child=2 -3 6 7 9 -7 -8 8 10 -11 -12 -13 14 -15 -16 -17 -18
leaf_value=-0.0011871848352104325 -0.00038835944403493432 -0.0022504081977261039 -0.0012266264068920274 0.0012720818626465956 -9.10218342232712e-05 0 0.00051023854594861855 0.00037682876879233703 0 -0.00044157644551107573 0.0011008250227441763 2.6035673389017735e-05 0 -0.00056539818304795998 -0.0002464068290157578 0.00064321038963452827 0.00059898413510362533
leaf_weight=166.65168192796409 15.051172722131012 171.37037588655949 20.811486285179861 463.23048517107964 5.6006373427808258 18.333854172378778 4.7679741233587256 16.802621111273766 11.012667931616305 89.208866160362959 57.01238888502121 6.0965984314680091 8.3253920674324018 12.261256262660028 5.991255145519971 10.332182601094246 43.056512493640184
leaf_count=755 58 879 86 686 20 69 7 47 34 371 90 17 25 46 25 24 105
internal_value=9.82947e-06 -0.00137744 0.000980368 0.00107102 -0.000810887 -0.00107776 -0.000647027 0.00117951 0.000661756 -0.000286312 0.000942554 -0.000961609 0.000180761 -1.90814e-05 0.000380459 0.000382377 0.000500235
internal_weight=1125.92 461.498 664.42 632.744 290.127 184.986 31.6761 560.319 97.0889 105.142 68.0251 26.9081 72.4243 29.0639 57.3732 15.9328 51.3819
internal_count=3344 2118 1226 1116 1239 824 110 903 217 415 124 103 213 93 155 44 130
is_linear=0
shrinkage=0.00124659


Tree=3
num_leaves=22
num_cat=0
split_feature=18 13 19 13 18 13 11 0 11 18 19 0 19 18 2 19 17 10 17 18 19
split_gain=903.451 129.397 77.3027 26.2458 22.0842 16.129 15.9051 13.7074 9.46268 8.76521 8.49505 8.16474 8.11249 7.5609 6.17921 5.55885 4.41691 3.62524 3.02731 2.88368 2.36126
threshold=8.5000000000000018 1.0000000180025095e-35 59.050000000000004 0.45000000000000007 6.5000000000000009 1.0000000180025095e-35 0.047338935574229656 2200.0000000000005 0.17394957983193279 9.5000000000000018 9.6500000000000004 1100.0000000000002 31.400000000000002 12.500000000000002 6.5000000000000009 109.20000000000002 44.396875000000009 0.15894736842105264 71.023660714285725 7.5000000000000009 2.0500000000000003
decision_type=2 2 2 2 2 2 2 2 2 2 2 2 2 2 2 2 2 2 2 2 2
left_child=1 4 5 8 7 6 17 20 9 18 -9 19 -8 -5 -7 -11 -14 -2 -4 -6 -1
right_child=2 -3 3 13 11 14 12 10 -10 15 -12 -13 16 -15 -16 -17 -18 -19 -20 -21 -22
leaf_value=0 0 -0.0022407125939791421 -0.00022026266299472849 -0.00086997966359597927 -0.00012487677893971256 -0.00094232285426837218 -9.1905550271857121e-06 -0.00069501180148859971 -7.1324724418699395e-05 0.00094100840191905762 0.00055125834743498042 -0.00045096723382507126 0.0010550612600736268 0.00035112471044409583 0.00024028095942776445 0.0014045790032311373 0.00021716193851166089 -0.00062162670250262304 0.0005320376698044727 0.00062925694580335981 -0.0012031298270070946
leaf_weight=4.3180224336683741 29.695302169770002 159.42640163563192 8.5029787272214872 7.1984739601612073 5.5167244561016568 18.523672100156549 20.718242470175028 7.7755649425089386 5.9622196257114402 171.81651801988482 10.509892489761112 87.914228782057762 39.231285665184259 7.9339227974414825 3.356481969356536 301.63835652172565 24.773778855800629 14.851842895150183 7.2677479013800612 10.587641045451164 156.10781639069319
leaf_count=14 95 879 31 30 20 76 68 38 20 264 31 371 79 17 5 394 72 62 13 24 741
internal_value=8.75705e-06 -0.00135574 0.000928196 0.00115746 -0.000804335 0.000126251 0.000308362 -0.00106698 0.00120737 0.00122665 0 -0.000296962 0.000610944 -0.000268929 -0.000698533 0.00125755 0.000809887 -0.000245949 0.000129791 0.000357098 -0.00117839
internal_weight=1103.63 442.156 661.471 510.32 282.73 151.151 129.27 178.711 495.188 489.226 18.2855 104.019 84.7233 15.1324 21.8802 473.455 64.0051 44.5471 15.7707 16.1044 160.426
internal_count=3344 2118 1226 769 1239 457 376 824 722 702 69 415 219 47 81 658 151 157 44 44 755
is_linear=0
shrinkage=0.00124659


Tree=4
num_leaves=27
num_cat=0
split_feature=18 13 19 13 23 23 23 18 23 17 13 19 11 19 18 0 23 19 23 23 23 23 18 23 19 10
split_gain=829.93 125.407 80.7306 28.365 27.9169 33.2669 20.3123 19.108 16.2984 9.59511 9.42181 9.16617 9.03737 8.45676 8.11353 7.38902 7.31173 7.10297 6.51822 10.6752 6.49432 6.36987 4.30398 4.25498 2.42355 2.0986
threshold=8.5000000000000018 1.0000000180025095e-35 79.350000000000009 0.45000000000000007 109.25000000000001 105.85000000000001 107.45000000000002 6.5000000000000009 160.85000000000005 75.182142857142864 1.0000000180025095e-35 31.400000000000002 0.047338935574229656 7.4500000000000011 15.500000000000002 1100.0000000000002 108.25000000000001 73.850000000000009 156.95000000000002 162.55000000000004 161.05000000000004 111.75000000000001 11.500000000000002 60.45000000000001 2.0500000000000003 0.12771739130434781
decision_type=2 2 2 2 2 2 2 2 2 2 2 2 2 2 2 2 2 2 2 2 2 2 2 2 2 2
left_child=1 7 3 9 5 10 -7 8 24 11 14 25 -13 -10 -4 23 17 -17 -6 -20 -5 -18 -8 -9 -1 -2
right_child=2 -3 4 20 18 6 22 15 13 -11 -12 12 -14 -15 -16 16 21 -19 19 -21 -22 -23 -24 -25 -26 -27
leaf_value=0 0.00032707140751164955 -0.0022198198333530841 0.0012771678986879466 -0.0011068967911521364 0.0016957865134688923 -0.00091969369736409038 -0.00011152571664982524 -0.00026175468097873206 -0.00069534574038399813 -0.00052268238821706809 -3.9315967434337771e-05 0.00020559370798502145 0.00083757685411166261 0.00060220790511593945 0 -0.00096128336185448892 0.00034179894274044174 0.00020887029899161177 -0.00023729677043774381 0.0010541604418350102 0.00021157980950119878 -0.00045080631966238407 0.00063933650766255631 0.00065718449371533554 -0.001172251343046362 -0.00023352289276222746
leaf_weight=4.4197716265916815 5.807199425995349 151.46509623713791 136.22445283457637 18.041161380708221 169.39432594180107 15.503569975495337 9.3605472519993764 4.9858516268432167 4.8622373007237938 7.7577079869806758 7.2407930195331565 71.293444998562336 102.92311966791749 11.433454371988772 8.7835905216634256 36.310493569821119 22.147202778607607 4.581325225532054 8.9512998312711733 21.741365067660809 2.5090328156948081 24.177586954087019 36.783197656273842 11.040181592106817 153.97864093445241 27.349744688719511
leaf_count=14 15 879 184 78 195 48 23 19 22 30 19 195 221 30 15 176 67 13 19 24 3 115 57 25 758 100
internal_value=7.36155e-06 -0.00132222 0.000893637 0.000289986 0.00122207 0.000839425 3.32784e-05 -0.000780103 -0.00102929 0.000435724 0.00113931 0.000496007 0.000606845 5.65942e-05 0.00120626 -0.00030252 -0.000449008 -0.000789017 0.00157675 0.000670123 -0.000882938 -5.16473e-05 0.000467263 0.000321194 -0.00114674 -5.72154e-05
internal_weight=1079.07 429.402 649.665 235.681 413.983 213.896 61.6473 277.937 174.694 215.131 152.249 207.374 174.217 16.2957 145.008 103.243 87.2166 40.8918 200.087 30.6927 20.5502 46.3248 46.1437 16.026 158.398 33.1569
internal_count=3344 2118 1226 642 584 346 128 1239 824 561 218 531 416 52 199 415 371 189 238 43 81 182 80 44 772 115
is_linear=0
shrinkage=0.00124659


Tree=5
num_leaves=22
num_cat=0
split_feature=18 13 13 18 18 23 23 23 23 17 23 23 23 17 23 10 23 11 23 23 23
split_gain=810.189 118.41 55.9531 38.094 19.098 15.162 15.1072 26.6976 11.9901 12.8366 9.4792 8.16499 7.94482 7.64177 7.20133 6.61184 6.01937 5.63631 4.46861 3.21916 2.59499
threshold=8.5000000000000018 1.0000000180025095e-35 0.87500000000000011 11.500000000000002 6.5000000000000009 160.85000000000005 108.55000000000001 94.250000000000014 70.750000000000014 38.681250000000013 60.45000000000001 107.85000000000001 67.500000000000014 64.956250000000026 108.55000000000001 0.28078817733990152 111.75000000000001 0.026671408250355601 60.350000000000001 74.200000000000003 70.15000000000002
decision_type=2 2 2 2 2 2 2 2 2 2 2 2 2 2 2 2 2 2 2 2 2
left_child=1 4 3 6 5 -1 7 10 13 -10 -2 -9 18 20 19 17 -16 -8 -6 -14 -5
right_child=2 -3 -4 8 12 -7 15 11 9 -11 -12 -13 14 -15 16 -17 -18 -19 -20 -21 -22
leaf_value=-0.0011644459050688452 -0.00032467165856742424 -0.0022171303919791786 -0.0013223294480029623 0.00078050126711066157 -0.00031666326289266479 2.7174369575665267e-06 0.00028900391918788035 -0.00091463551570154626 0.00050251641716586657 0.0013976704363224451 0.00069846106631872486 4.656268435524161e-05 -0.00014436954195136387 -0.00036305671020151771 0.00033567240567787857 0 -0.00044440478426699539 0.001113524154630553 0.00064300641649032422 -0.001037728383910468 0
leaf_weight=154.89407688751817 9.6622418463230115 145.84681294858456 10.358061973005531 39.430906176567078 3.7778978422284153 16.656795058399439 29.240359216928482 23.75521370023489 46.017217770218849 276.53276921436191 90.905708510428667 18.391003675758839 16.270461477339268 6.600813426077365 20.801561363041401 10.293480731546877 23.965445771813393 79.663547094911337 12.350016873329876 25.791641253978014 7.4640016779303542
leaf_count=772 33 879 48 65 16 52 78 96 82 348 209 41 63 16 61 36 115 157 28 132 17
internal_value=8.59432e-06 -0.00132386 0.000880221 0.000933963 -0.000795324 -0.00104826 0.000534074 0.000226783 0.00119204 0.00128932 0.000570755 -0.000526538 -0.00031642 0.000491951 -0.00046879 0.00085388 -5.95508e-05 0.000938761 0.000330038 -0.000797842 0.000672855
internal_weight=1068.67 420.355 648.315 637.957 274.508 171.551 261.912 142.714 376.046 322.55 100.568 42.1462 102.957 53.4957 86.8291 119.197 44.767 108.904 16.1279 42.0621 46.8949
internal_count=3344 2118 1226 1178 1239 824 650 379 528 430 242 137 415 98 371 271 176 235 44 195 82
is_linear=0
shrinkage=0.00124659


Tree=6
num_leaves=27
num_cat=0
split_feature=19 13 19 19 13 23 23 16 23 23 0 23 23 16 23 23 19 1 23 16 23 19 23 19 23 23
split_gain=729.245 124.548 63.6467 27.8862 19.1322 18.2331 27.0185 10.1847 10.1624 12.87 9.99249 11.2154 9.32137 7.51126 7.26966 8.28551 6.96953 6.6776 5.37175 4.32981 4.03799 3.57697 3.12865 2.63376 1.66464 3.00221
threshold=33.550000000000004 1.0000000180025095e-35 109.20000000000002 18.450000000000003 0.45000000000000007 108.95000000000002 105.85000000000001 8.5000000000000018 153.95000000000002 165.05000000000004 1100.0000000000002 109.95000000000002 107.55000000000001 11.500000000000002 70.750000000000014 68.750000000000014 99.500000000000014 56.500000000000007 107.45000000000002 12.500000000000002 161.55000000000004 9.6500000000000004 60.45000000000001 2.0500000000000003 110.65000000000002 161.25000000000003
decision_type=2 2 2 2 2 2 2 2 2 2 2 2 2 2 2 2 2 2 2 2 2 2 2 2 2 2
left_child=1 3 4 20 7 6 14 -2 16 -10 22 17 -8 -13 15 -4 -9 -12 -6 -7 23 -22 -5 -1 -20 -26
right_child=2 -3 5 10 18 19 12 8 9 -11 11 13 -14 -15 -16 -17 -18 -19 24 -21 21 -23 -24 -25 25 -27
leaf_value=0 -0.00064340374626538398 -0.0021748258664505168 0.00081883712424838957 -3.3672690412672215e-05 -0.001020944113791854 0.0005563847738612078 -0.00077916913276176265 0.00066610753686221927 -0.00080544923749276283 0.00071453714579728213 -0.0008695439789382863 -0.00067801936312227127 0.00030774657019626858 0.00040681600234013698 0.0013197313736502316 -0.00019515455513163875 -0.00012847173530467903 0.00011221070545281342 0.00036608881931118387 0.0016101814837281186 -0.00054500193961408265 0.00035354493917101539 0.00082825528937759672 -0.0010891980378535543 -0.00060478107716701712 0.00025939226505627592
leaf_weight=3.9864229634404174 4.1156040728092185 143.05477856099606 21.985852405428886 4.8603232875466338 8.6537017300725001 22.143482133746147 11.669223412871359 238.42514296248555 13.299993183463814 6.3713479936122885 42.266903188079596 4.8829779475927344 23.570277974009514 32.158341024070978 75.653350081294775 14.117040261626242 12.825387228280304 8.5566557049751264 4.556772217154502 161.5677499845624 5.4651808291673643 5.3082772567868233 9.8846548944711667 156.55373365990818 5.3190935365855676 2.8408651947975159
leaf_count=12 22 891 37 18 43 45 36 544 48 11 196 23 46 122 96 33 37 30 8 155 25 14 18 776 25 3
internal_value=1.15498e-05 -0.00125125 0.000858548 -0.00071628 0.000415376 0.00123258 0.00080641 0.000508914 0.000549244 -0.000198783 -0.00016701 -0.00034234 -9.70515e-05 0.00013837 0.00109046 0.000427039 0.00061748 -0.000687733 -0.000552633 0.00151876 -0.00101552 -6.5721e-05 0.000570449 -0.00106489 0 -0.0002379
internal_weight=1044.09 416.978 627.115 273.923 296.408 330.707 146.996 275.037 270.922 19.6713 102.61 87.8649 35.2395 37.0413 111.756 36.1029 251.251 50.8236 21.3704 183.711 171.314 10.7735 14.745 160.54 12.7167 8.15996
internal_count=3314 2125 1189 1234 741 448 248 662 640 59 407 371 82 145 166 70 581 226 79 200 827 39 36 788 36 28
is_linear=0
shrinkage=0.00124659


Tree=7
num_leaves=16
num_cat=0
split_feature=18 13 19 13 13 18 19 19 9 18 17 9 10 19 18
split_gain=752.554 105.586 73.8708 21.6703 18.99 18.1297 9.19565 7.34679 5.97972 3.61198 2.9249 2.78729 7.79306 2.61953 2.23572
threshold=8.5000000000000018 1.0000000180025095e-35 79.350000000000009 0.45000000000000007 1.0000000180025095e-35 6.5000000000000009 38.250000000000007 76.950000000000017 0.045478036175710557 9.5000000000000018 62.787500000000009 0.051064754454584908 0.11834733893557421 2.0500000000000003 12.500000000000002
decision_type=2 2 2 2 2 2 2 2 2 2 2 2 2 2 2
left_child=1 5 3 6 9 13 11 8 -8 -4 -5 12 -2 -1 -6
right_child=2 -3 4 10 14 -7 7 -9 -10 -11 -12 -13 -14 -15 -16
leaf_value=0 0.00040480392035948537 -0.0021971222506504532 0.00013191280823772163 -0.00095769998932901076 -0.0005080358711819238 -0.00033005590817569881 0.00022395773812076272 -0.00036466356922123849 0.00081115176259700657 0.0012520588200243569 0 0.00020279875073148297 -0.00069579332352381613 -0.0010843631542211776 0.00016025453991607647
leaf_weight=4.2829425781965247 8.3937478959560412 134.63109674863517 9.3662821352481824 14.250867560505869 4.8574293926358214 100.17049035429955 57.839241575449705 5.8349227607250205 94.822270937263966 373.4199992120266 5.798252396285533 34.531622391194105 16.878982599824667 160.04438346996903 8.9763168171048147
leaf_count=13 17 872 23 63 21 407 157 18 181 515 18 109 73 809 18
internal_value=1.25493e-05 -0.0013125 0.000853538 0.00028415 0.00117997 -0.000806168 0.000408476 0.000559161 0.000619433 0.00123145 -0.00075156 0 -0.000278939 -0.00105971 -0.000110178
internal_weight=1034.1 399.129 634.97 238.35 396.62 264.498 218.301 158.496 152.662 382.786 20.0491 59.8044 25.2727 164.327 13.8337
internal_count=3314 2101 1213 636 577 1229 555 356 338 538 81 199 90 822 39
is_linear=0
shrinkage=0.00124659


Tree=8
num_leaves=28
num_cat=0
split_feature=18 13 19 23 23 13 18 23 13 23 23 19 23 9 23 19 23 23 23 18 23 23 19 23 23 23 23
split_gain=711.192 102.15 67.0862 27.3372 40.7762 20.2741 18.4347 10.4939 10.4708 8.63143 11.8949 9.67505 8.47248 8.07466 7.83657 7.24566 7.22162 6.85937 7.46498 4.78507 4.47925 4.25285 3.39969 3.35717 2.60358 2.53319 8.18395
threshold=8.5000000000000018 1.0000000180025095e-35 79.350000000000009 108.95000000000002 105.85000000000001 0.45000000000000007 6.5000000000000009 160.85000000000005 1.0000000180025095e-35 115.55000000000001 122.75000000000001 32.650000000000013 70.750000000000014 0.045478036175710557 107.45000000000002 9.6500000000000004 168.00000000000003 67.500000000000014 108.15000000000002 11.500000000000002 60.45000000000001 111.75000000000001 2.0500000000000003 126.25000000000001 74.200000000000003 156.95000000000002 162.55000000000004
decision_type=2 2 2 2 2 2 2 2 2 2 2 2 2 2 2 2 2 2 2 2 2 2 2 2 2 2 2
left_child=1 6 5 4 8 9 7 22 12 11 -11 -2 -4 -13 -6 -9 -7 20 24 -16 -8 -20 -1 -12 -19 -5 -27
right_child=2 -3 3 25 14 16 17 15 -10 10 23 13 -14 -15 19 -17 -18 18 21 -21 -22 -23 -24 -25 -26 26 -28
leaf_value=0 -7.6787522831861201e-05 -0.0021834796984875368 0.00048788232189000313 0.0015478743913017231 -0.00086262699327851122 -0.00099474762810105384 -0.00030009831795528954 -0.00068326142967984314 -0.00015389312021480144 -0.00087478682353455642 0.0005733841248949128 0.00018825658159044348 0.0013474744737373254 0.00087839872585469044 -0.00048291683675119547 0.00052216687350915077 0.000327060000555994 -0.00017753485443418727 0.00025000765000410399 0.00034962165993270174 0.00063536223384576024 -0.00040093590112203522 -0.0011825250172328571 -6.8045659283171624e-05 -0.0010701188800261627 -0.00019053725457787889 0.00098295456290347673
leaf_weight=4.0755879878997794 28.712071157991886 129.84223700687289 44.933575712144375 180.08694243431091 12.505369305610655 17.207251392304901 5.1151143386960056 6.3508295118808737 6.8870724737644187 11.341229386627672 19.37059098482132 51.829133555293083 91.097161773592234 87.41211774200201 7.2583521269261828 8.8757965713739377 2.4906774759292594 15.820695251226423 22.795287240296602 25.730608612298965 11.132647778838871 22.308375231921673 141.25743968971074 14.612714935094116 21.82695584371686 7.5689390674233463 21.971946135163307
leaf_count=12 101 872 80 201 49 79 20 28 20 46 48 148 114 161 23 24 2 63 71 46 25 110 758 51 118 19 25
internal_value=1.24779e-05 -0.00129582 0.000828081 0.00113616 0.000725061 0.000275843 -0.000794906 -0.00105359 0.0010405 0.000398073 -5.1506e-05 0.000524162 0.00111579 0.000654998 -0.000247171 0 -0.000731271 -0.000315242 -0.000462147 7.42488e-05 0.000281456 -5.75252e-05 -0.00115183 0.000303722 -0.000821866 0.00145928 0.000668472
internal_weight=1020.42 389.401 631.016 398.04 188.412 232.976 259.559 160.56 142.918 213.278 45.3245 167.953 136.031 139.241 45.4943 15.2266 19.6979 98.9991 82.7513 32.989 16.2478 45.1037 145.333 33.9833 37.6477 209.628 29.5409
internal_count=3314 2101 1213 577 332 636 1229 822 214 555 145 410 194 309 118 52 81 407 362 69 45 181 770 99 181 245 44
is_linear=0
shrinkage=0.00124659


Tree=9
num_leaves=20
num_cat=0
split_feature=13 16 23 0 23 0 23 2 23 9 23 1 23 23 10 2 10 23 2
split_gain=436.757 70.4867 73.3377 79.03 47.3821 37.7597 46.5683 32.0179 23.6368 22.3106 20.2644 14.5257 11.7458 11.4923 11.1962 10.0005 6.81248 6.2167 5.824
threshold=0.45000000000000007 10.500000000000002 108.55000000000001 1600.0000000000002 60.45000000000001 1750.0000000000002 122.95000000000002 6.5000000000000009 107.35000000000001 0.03608470181503886 153.15000000000001 51.500000000000007 119.55000000000001 109.15000000000002 0.33780760626398215 3.5000000000000004 1.0000000180025095e-35 69.350000000000009 2.5000000000000004
decision_type=2 2 2 2 2 2 2 2 2 2 2 2 2 2 2 2 2 2 2
left_child=1 11 3 4 -3 13 12 16 -5 -10 -8 -1 -7 15 -6 -4 -2 -13 -15
right_child=7 2 5 8 14 6 10 -9 9 -11 -12 17 -14 18 -16 -17 -18 -19 -20
leaf_value=0.00039494569116755728 0 -0.00095911270615796828 -7.0709986439141705e-05 -0.0014371254790708369 0.00063783993139561717 0.00025626278380209679 0.00132143790042138 0.00035154167486181419 0.00059150821285779099 -0.00073378181441545421 0.00028948334421153606 0 -0.00056292026944566712 0.00037300868842347239 -0.00025125785386255126 0.0010680764321449841 -0.0020942649675555745 -0.0011445575304216203 0.0016457713452537361
leaf_weight=7.5510241128504267 1.9399472475051869 27.296198230236769 20.181465160101652 42.391194405034184 266.73158694431186 42.957470122724771 80.006665203720331 5.7790287323296061 23.539294671267271 44.108910229057074 59.028522733598948 5.8017336539924136 48.818059973418713 14.807841416448353 17.455185767263174 13.760500147938727 135.56099244207144 52.394978769123554 100.4158067330718
leaf_count=17 5 117 61 214 636 130 155 14 61 168 166 14 159 36 82 15 895 233 136
internal_value=1.21847e-05 0.000351458 0.000456136 9.06447e-05 0.000413968 0.00084784 0.000494621 -0.00194275 -0.000779016 -0.000240504 0.000932115 -0.000817333 -0.00017565 0.00133288 0.000573115 0.00047273 -0.00206268 -0.00102423 0.00152812
internal_weight=1010.53 867.246 801.499 421.522 311.483 379.976 230.811 143.28 110.039 67.6482 139.035 65.7477 91.7755 149.166 284.187 33.942 137.501 58.1967 115.224
internal_count=3314 2400 2136 1278 835 858 610 914 443 229 321 264 289 248 718 76 900 247 172
is_linear=0
shrinkage=0.00124659


end of trees

feature_importances:
Column_23=69
Column_19=32
Column_18=31
Column_13=24
Column_17=9
Column_0=8
Column_2=8
Column_10=8
Column_11=7
Column_16=5
Column_9=4
Column_1=2

parameters:
[boosting: gbdt]
[objective: lambdarank]
[metric: ndcg]
[tree_learner: serial]
[device_type: cpu]
[data_sample_strategy: bagging]
[data: ]
[valid: ]
[num_iterations: 500]
[learning_rate: 0.00124659]
[num_leaves: 94]
[num_threads: 0]
[seed: 0]
[deterministic: 0]
[force_col_wise: 0]
[force_row_wise: 0]
[histogram_pool_size: -1]
[max_depth: 6]
[min_data_in_leaf: 10]
[min_sum_hessian_in_leaf: 0.001]
[bagging_fraction: 0.975122]
[pos_bagging_fraction: 1]
[neg_bagging_fraction: 1]
[bagging_freq: 6]
[bagging_seed: 3]
[bagging_by_query: 0]
[feature_fraction: 0.856634]
[feature_fraction_bynode: 1]
[feature_fraction_seed: 2]
[extra_trees: 0]
[extra_seed: 6]
[early_stopping_round: 0]
[early_stopping_min_delta: 0]
[first_metric_only: 0]
[max_delta_step: 0]
[lambda_l1: 1.11716]
[lambda_l2: 7.94416]
[linear_lambda: 0]
[min_gain_to_split: 1.65397]
[drop_rate: 0.1]
[max_drop: 50]
[skip_drop: 0.5]
[xgboost_dart_mode: 0]
[uniform_drop: 0]
[drop_seed: 4]
[top_rate: 0.2]
[other_rate: 0.1]
[min_data_per_group: 100]
[max_cat_threshold: 32]
[cat_l2: 10]
[cat_smooth: 10]
[max_cat_to_onehot: 4]
[top_k: 20]
[monotone_constraints: ]
[monotone_constraints_method: basic]
[monotone_penalty: 0]
[feature_contri: ]
[forcedsplits_filename: ]
[refit_decay_rate: 0.9]
[cegb_tradeoff: 1]
[cegb_penalty_split: 0]
[cegb_penalty_feature_lazy: ]
[cegb_penalty_feature_coupled: ]
[path_smooth: 0]
[interaction_constraints: ]
[verbosity: -1]
[saved_feature_importance_type: 0]
[use_quantized_grad: 0]
[num_grad_quant_bins: 4]
[quant_train_renew_leaf: 0]
[stochastic_rounding: 1]
[linear_tree: 0]
[max_bin: 255]
[max_bin_by_feature: ]
[min_data_in_bin: 3]
[bin_construct_sample_cnt: 200000]
[data_random_seed: 1]
[is_enable_sparse: 1]
[enable_bundle: 1]
[use_missing: 1]
[zero_as_missing: 0]
[feature_pre_filter: 1]
[pre_partition: 0]
[two_round: 0]
[header: 0]
[label_column: ]
[weight_column: ]
[group_column: ]
[ignore_column: ]
[categorical_feature: ]
[forcedbins_filename: ]
[precise_float_parser: 0]
[parser_config_file: ]
[objective_seed: 5]
[num_class: 1]
[is_unbalance: 0]
[scale_pos_weight: 1]
[sigmoid: 1]
[boost_from_average: 1]
[reg_sqrt: 0]
[alpha: 0.9]
[fair_c: 1]
[poisson_max_delta_step: 0.7]
[tweedie_variance_power: 1.5]
[lambdarank_truncation_level: 30]
[lambdarank_norm: 1]
[label_gain: ]
[lambdarank_position_bias_regularization: 0]
[eval_at: 1,3,5]
[multi_error_top_k: 1]
[auc_mu_weights: ]
[num_machines: 1]
[local_listen_port: 12400]
[time_out: 120]
[machine_list_filename: ]
[machines: ]
[gpu_platform_id: -1]
[gpu_device_id: -1]
[gpu_use_dp: 0]
[num_gpu: 1]

end of parameters

pandas_categorical:null
