tree
version=v4
num_class=1
num_tree_per_iteration=1
label_index=0
max_feature_idx=23
objective=lambdarank
feature_names=Column_0 Column_1 Column_2 Column_3 Column_4 Column_5 Column_6 Column_7 Column_8 Column_9 Column_10 Column_11 Column_12 Column_13 Column_14 Column_15 Column_16 Column_17 Column_18 Column_19 Column_20 Column_21 Column_22 Column_23
feature_infos=[1000:2600] [48:59] [2:9] [0:1] [0:2] [0:2] [0:2] [0:3] [0:5] [0:0.5] [0:1] [0:1] [0:1] [0:1] [0:1] [1:5] [5:16] [12.48:127.28571428571428] [1:16] [1.2:564.70000000000005] [2016:2023] none [5:6] [57.5:179.90000000000001]
tree_sizes=913 2385 1776 1541 2087 2306 2297 1973 2190 2390 2465 2595 2280 2235 2286 2163 2069 2065 1953 1947 2171 2055 1865 2186 2400 2390 2398

Tree=0
num_leaves=7
num_cat=0
split_feature=18 13 13 19 18 23
split_gain=159.646 43.2339 10.5325 6.7643 5.31884 4.32089
threshold=8.5000000000000018 1.0000000180025095e-35 0.87500000000000011 59.050000000000004 6.5000000000000009 161.65000000000001
decision_type=2 2 2 2 2 2
left_child=1 4 3 -2 5 -1
right_child=2 -3 -4 -5 -6 -7
leaf_value=-0.0010992247467852935 0.00066419255512549719 -0.0029682398261540953 -0.00085634371615939489 0.0019160336180007891 4.1035488464825523e-06 0.00036369338273823174
leaf_weight=47.346705765929073 34.116721140337177 41.060271191527136 2.2485279487445942 80.054659272776917 29.638810843229294 3.9257287536747745
leaf_count=728 391 816 44 688 383 43
internal_value=-3.03821e-05 -0.00150985 0.00150681 0.00160478 -0.000600882 -0.000937671
internal_weight=238.391 121.972 116.42 114.171 80.9112 51.2724
internal_count=3093 1970 1123 1079 1154 771
is_linear=0
shrinkage=0.00188856


Tree=1
num_leaves=21
num_cat=0
split_feature=18 13 19 18 23 23 23 19 13 16 23 23 17 1 23 23 23 23 17 23
split_gain=884.124 128.042 68.5258 26.2252 18.8381 52.4521 29.0593 19.9474 16.3812 15.5535 13.3305 7.74066 7.8101 6.61942 6.61323 6.51988 6.70151 4.68399 4.41135 2.85943
threshold=8.5000000000000018 1.0000000180025095e-35 61.95000000000001 6.5000000000000009 109.25000000000001 105.75000000000001 107.45000000000002 88.600000000000009 1.0000000180025095e-35 10.500000000000002 160.85000000000005 174.10000000000005 35.735267857142865 51.500000000000007 115.55000000000001 67.500000000000014 108.15000000000002 60.350000000000001 78.225892857142867 156.95000000000002
decision_type=2 2 2 2 2 2 2 2 2 2 2 2 2 2 2 2 2 2 2 2
left_child=1 3 8 10 5 9 -7 14 13 -4 -1 12 -10 -2 -6 17 -17 -5 -15 -9
right_child=2 -3 4 15 7 6 -8 19 11 -11 -12 -13 -14 18 -16 16 -18 -19 -20 -21
leaf_value=-0.0018540482205257345 -0.00091338800892826416 -0.0034363273233434868 -0.00074529485732243903 -0.00058226927154856212 0.0015702324880721523 -0.0018101804374213183 0.00066201661614872869 0.0026722527704847975 5.7858199009223611e-05 0.0019385044559419651 0 0.00081141519672366059 -0.0020182594057487394 0.00072965837848587361 0.00014965417379216996 -0.0011684955661571119 -7.1091929142301741e-05 0.0011185401481205021 -0.0006153863021670275 0.001275916821986689
leaf_weight=155.33372347988188 4.7494042143225661 161.45517311803997 4.3505071550607672 3.240397408604621 21.757963858544827 18.112079422920942 50.945955462753773 140.98173978179693 7.2799675166606965 174.62666893750429 14.841563671827315 2.0892193317413321 14.078643590211867 108.36126895621419 26.655561998486519 35.526579666882753 45.000865496695042 10.257058240473269 3.8881836757063857 27.328942604362965
leaf_count=721 21 816 10 14 32 58 86 162 22 244 50 1 60 325 51 169 175 25 16 35
internal_value=-5.56463e-05 -0.00212577 0.00140471 -0.00126154 0.00175079 0.00131937 -6.13795e-05 0.00218981 0.00022563 0.00184406 -0.00169647 -0.0010368 -0.00140432 0.000527616 0.000915113 -0.000406619 -0.000617982 0.000588527 0.00064301 0.00250479
internal_weight=1030.86 425.655 605.206 264.2 464.759 248.035 69.058 216.724 140.447 178.977 170.175 23.4478 21.3586 116.999 48.4135 94.0249 80.5274 13.4975 112.249 168.311
internal_count=3093 1970 1123 1154 678 398 144 280 445 254 771 83 82 362 83 383 344 39 341 197
is_linear=0
shrinkage=0.00188856


Tree=2
num_leaves=15
num_cat=0
split_feature=18 13 13 18 18 11 23 23 13 23 23 23 23 23
split_gain=905.088 104.865 54.5079 43.257 22.6736 14.7889 14.5685 29.9242 16.7102 13.396 10.6847 6.7697 7.49646 4.23522
threshold=8.5000000000000018 1.0000000180025095e-35 0.87500000000000011 9.5000000000000018 6.5000000000000009 0.026671408250355601 109.25000000000001 103.85000000000001 1.0000000180025095e-35 160.85000000000005 108.25000000000001 67.500000000000014 108.55000000000001 60.350000000000001
decision_type=2 2 2 2 2 2 2 2 2 2 2 2 2 2
left_child=1 4 3 5 9 -2 7 -5 -8 -1 -7 13 -13 -6
right_child=2 -3 -4 6 11 10 8 -9 -10 -11 -12 12 -14 -15
leaf_value=-0.0019999724664398516 -0.0012589651651312749 -0.0034450685024471962 -0.0021866667418074031 0.0016914652320897164 -0.00063624990057703414 -0.00025840035140345678 0.0021499786877151889 0.00025710585057221204 -0.00037296383912977649 -4.3202452347515996e-05 0.0012033814276687983 -0.0013594431366601603 -0.00018874478266382843 0.00094485937728914289
leaf_weight=149.55985618755221 14.66167242079973 149.70047723315656 9.3233025856316072 201.67195922881365 3.4108252674341193 27.064440779387951 235.44385404512286 75.463657885789871 7.1179797798395148 15.375582780688999 33.536955025047064 39.410814296454191 43.540630929172039 10.556237310171126
leaf_count=721 53 816 44 327 14 84 331 193 18 50 73 179 165 25
internal_value=-4.81392e-05 -0.00219166 0.00141673 0.00149664 -0.00140911 0.000127578 0.00168867 0.00131929 0.00206339 -0.00183324 0.000566064 -0.000609717 -0.000813992 0.000417051
internal_weight=1015.84 411.554 604.284 594.961 261.854 75.2631 519.697 277.136 242.562 164.935 60.6014 96.9185 82.9514 13.9671
internal_count=3093 1970 1123 1079 1154 210 869 520 349 771 157 383 344 39
is_linear=0
shrinkage=0.00188856


Tree=3
num_leaves=13
num_cat=0
split_feature=18 13 19 18 13 18 13 17 17 16 19 18
split_gain=785.292 103.669 91.5513 23.1803 13.3456 13.2723 12.0516 8.45086 9.1887 8.82948 8.23557 5.7686
threshold=8.5000000000000018 1.0000000180025095e-35 61.95000000000001 6.5000000000000009 0.45000000000000007 12.500000000000002 0.87500000000000011 38.590178571428574 37.151190476190479 10.500000000000002 22.850000000000005 12.500000000000002
decision_type=2 2 2 2 2 2 2 2 2 2 2 2
left_child=1 3 6 -1 7 -6 10 8 -4 -9 -2 -12
right_child=2 -3 4 -5 5 -7 -8 9 -10 -11 11 -13
leaf_value=-0.0017722801588797067 -0.001223070358089137 -0.0034133265483357791 0.0012764974510202805 -0.00053226182873689206 -0.0013386267299153117 0.0011439284033532711 -0.0017885151272526935 -0.0003167181312209053 -0.00053470305348524074 0.0019827570813096 0.00041527541648617232 -0.00092571542955908635
leaf_weight=157.00745047815144 7.6425066143274298 137.91251547448337 80.109656020998955 96.029657585546374 7.0091535374522236 12.573205657303332 6.1098344661295405 3.4908846616744986 6.8899369835853568 340.21404911950231 129.16192449629307 6.3417851924896231
leaf_count=771 27 816 123 383 24 15 30 9 13 494 367 21
internal_value=-4.31466e-05 -0.00210869 0.00130909 -0.00133 0.00172912 9.79409e-05 1.55148e-05 0.00179788 0.00109356 0.00195058 0.000170167 0.000306589
internal_weight=990.493 390.95 599.543 253.037 450.287 19.5824 149.256 430.705 86.9996 343.705 143.146 135.504
internal_count=3093 1970 1123 1154 678 39 445 639 136 503 415 388
is_linear=0
shrinkage=0.00188856


Tree=4
num_leaves=18
num_cat=0
split_feature=18 13 19 23 23 18 19 23 23 13 23 23 19 23 23 18 23
split_gain=687.168 101.586 86.4428 23.6175 41.9069 23.6059 20.3209 16.5514 12.3121 11.078 8.81255 6.30657 6.30086 6.06028 8.69892 5.79976 4.7549
threshold=8.5000000000000018 1.0000000180025095e-35 61.95000000000001 109.25000000000001 105.75000000000001 6.5000000000000009 88.600000000000009 107.45000000000002 60.650000000000013 0.87500000000000011 160.85000000000005 115.55000000000001 22.850000000000005 67.500000000000014 108.55000000000001 12.500000000000002 60.350000000000001
decision_type=2 2 2 2 2 2 2 2 2 2 2 2 2 2 2 2 2
left_child=1 5 9 4 8 10 11 -6 -4 12 -1 -5 -2 16 -15 -14 -7
right_child=2 -3 3 6 7 13 -8 -9 -10 -11 -12 -13 15 14 -16 -17 -18
leaf_value=-0.0018665402653864117 -0.0011690634132518732 -0.0033798197686855918 -0.00039194044952768316 0.0012507903492850209 -0.0016940270405332929 -0.00065326588241896005 0.0023259388257066494 0.00034529162086267579 0.001675305150121182 -0.0017957765168917722 -0.00012743633719992285 -8.6523463101302096e-05 0.00031851800410050195 -0.0012663865806146141 -3.2829431283149154e-05 -0.0010719265818253131 0.0010277264523616545
leaf_weight=135.85456348769367 6.957378350198268 128.6853915695101 7.6878520473837844 21.250641047954559 14.376108542084692 3.396263249218463 185.45745617896318 40.148156896233559 161.87063346803188 6.171175602823495 13.992934886366127 18.845370762050152 123.65096502006054 37.590286403894424 43.263641469180584 5.4925073757767668 10.706579148769377
leaf_count=721 27 816 21 32 58 14 197 86 233 30 50 51 367 179 165 21 25
internal_value=-4.98165e-05 -0.00203852 0.00121067 0.00161208 0.00111251 -0.00126427 0.00206103 -0.000284883 0.00156383 -6.28482e-05 -0.00172381 0.000663838 7.87544e-05 -0.000466661 -0.000669427 0.000204654 0.000482675
internal_weight=965.398 373.49 591.908 449.636 224.083 244.804 225.553 54.5243 169.558 142.272 149.847 40.096 136.101 94.9568 80.8539 129.143 14.1028
internal_count=3093 1970 1123 678 398 1154 280 144 254 445 771 83 415 383 344 388 39
is_linear=0
shrinkage=0.00188856


Tree=5
num_leaves=20
num_cat=0
split_feature=18 13 19 23 23 18 23 19 23 13 23 23 23 23 23 19 23 11 17
split_gain=641.26 97.7984 82.836 22.8505 37.4748 22.6329 15.8889 15.5841 13.7668 12.1639 9.30981 9.20642 9.08956 7.27376 7.93814 5.82366 5.23954 4.91371 4.85302
threshold=8.5000000000000018 1.0000000180025095e-35 61.95000000000001 109.25000000000001 105.75000000000001 6.5000000000000009 107.45000000000002 88.600000000000009 70.750000000000014 1.0000000180025095e-35 160.85000000000005 174.10000000000005 115.55000000000001 67.500000000000014 108.55000000000001 22.850000000000005 60.350000000000001 0.047338935574229656 35.735267857142865
decision_type=2 2 2 2 2 2 2 2 2 2 2 2 2 2 2 2 2 2 2
left_child=1 5 9 4 8 10 -6 12 -4 15 -1 18 -5 16 -15 -2 -7 -17 -11
right_child=2 -3 3 7 6 13 -8 -9 -10 11 -12 -13 -14 14 -16 17 -18 -19 -20
leaf_value=-0.0018550054704843766 -0.0010544109148434041 -0.0033621579877554128 0.00069303658444876235 0.0014339207462384805 -0.0017434525258750245 -0.0006638216135730359 0.00032421731985080357 0.0022419080703158663 0.0019244315378831888 -4.8972888536825054e-05 -8.3969775114285929e-05 0.00084946409630519708 -0.0002244712864965176 -0.0012723963332577847 -7.6805218443800775e-05 -0.00013367441369425493 0.0010971536502299851 0.00061632748486712004 -0.0020829198586799569
leaf_weight=131.70658718422055 6.2259795889258376 122.18237824365497 65.746298648416996 18.729442358016968 12.553807683289049 3.4073516800999633 39.703447256237268 184.06772312521935 104.23668202757835 7.4682037755847039 13.819152383133767 2.2074093818664542 17.640103071928024 36.929946206510067 43.060298781841993 46.982458714395761 11.353922933340071 67.036366164684296 13.451781317591665
leaf_count=721 24 816 117 32 58 14 86 197 137 22 50 1 51 179 165 143 25 195 60
internal_value=-4.8391e-05 -0.00200551 0.00116785 0.00156734 0.00107634 -0.00124526 -0.000277875 0.00201492 0.00149551 -7.01214e-05 -0.00170557 -0.00117426 0.000680168 -0.000465717 -0.000694435 0.00017735 0.000552318 0.000304956 -0.00157874
internal_weight=948.509 362.46 586.05 442.678 222.24 240.277 52.2573 220.437 169.983 143.372 145.526 23.1274 36.3695 94.7515 79.9902 120.245 14.7613 114.019 20.92
internal_count=3093 1970 1123 678 398 1154 144 280 254 445 771 83 83 383 344 362 39 338 82
is_linear=0
shrinkage=0.00188856


Tree=6
num_leaves=20
num_cat=0
split_feature=19 13 13 18 18 23 19 23 0 2 15 16 16 17 17 16 23 23 23
split_gain=626.469 115.181 43.2031 39.792 35.3377 13.9727 12.98 16.8564 15.4476 10.9092 11.4218 8.44168 8.00859 5.73197 4.83726 4.63087 4.2748 3.77623 3.33963
threshold=38.250000000000007 0.36666666666666675 0.36666666666666675 9.5000000000000018 7.5000000000000009 108.25000000000001 148.85000000000002 108.95000000000002 2200.0000000000005 6.5000000000000009 2.5000000000000004 10.500000000000002 13.500000000000002 23.013636363636369 75.182142857142864 14.500000000000002 68.050000000000011 107.85000000000001 60.250000000000007
decision_type=2 2 2 2 2 2 2 2 2 2 2 2 2 2 2 2 2 2 2
left_child=1 4 3 12 5 15 8 -8 -5 10 -4 -7 13 -2 -14 -1 18 -18 -6
right_child=2 -3 9 6 16 11 7 -9 -10 -11 -12 -13 14 -15 -16 -17 17 -19 -20
leaf_value=-0.0022153876880949509 0.00070912241869961542 -0.0033955227324386785 -0.0018538457508045999 0.0014256068009580272 -0.00030655348203426259 -0.0019522603515561582 0.0012077447988007885 0.0025432093986266693 -0.00015974944497594134 0.0010643149255814091 0.00044967543845570368 -0.00043876771176537977 0.0012724162271240396 -0.00086398123317897731 -0.00047993405868443611 -0.00066753737508302232 -0.00070382866826544546 4.5457915553255038e-05 0.0011353285355123004
leaf_weight=88.411673938855529 4.7835644036531439 108.55553087033331 18.550831872969873 245.58145047351718 4.0253422483801833 14.215149551630018 80.474070183932781 114.899578101933 21.136279590427876 4.231597661972045 7.1222877949476233 65.897213287651539 13.075780291110279 31.695821307599545 3.0109370648860923 17.367941992357373 38.224233943969011 44.364467825740576 9.1031305193901044
leaf_count=494 7 766 68 436 18 74 139 108 46 4 11 311 26 129 10 82 145 150 18
internal_value=3.09051e-05 -0.00177894 0.00133528 0.00146458 -0.00109342 -0.00156191 0.00163969 0.00205202 0.00129435 -0.000726033 -0.00120863 -0.000839886 -6.23531e-05 -0.000555476 0.00084298 -0.00202253 -0.000132099 -0.000310464 0.000666151
internal_weight=934.727 390.165 544.562 514.657 281.609 185.892 462.091 195.374 266.718 29.9047 25.6731 80.1124 52.5661 36.4794 16.0867 105.78 95.7172 82.5887 13.1285
internal_count=3042 2058 984 901 1292 961 729 247 482 83 79 385 172 136 36 576 331 295 36
is_linear=0
shrinkage=0.00188856


Tree=7
num_leaves=17
num_cat=0
split_feature=19 13 18 18 13 13 19 18 11 17 19 17 0 19 17 19
split_gain=589.017 114.14 42.3878 34.2731 14.1143 13.8423 11.2888 10.8883 7.28808 4.77109 4.51313 4.0791 3.54693 3.53703 2.99708 2.14966
threshold=38.250000000000007 0.36666666666666675 11.500000000000002 7.5000000000000009 0.63333333333333341 0.45000000000000007 60.650000000000006 8.5000000000000018 0.034848484848484802 42.41564102564103 9.9500000000000011 28.19776785714286 2500.0000000000005 17.350000000000005 54.945138888888899 21.950000000000003
decision_type=2 2 2 2 2 2 2 2 2 2 2 2 2 2 2 2
left_child=1 3 4 10 7 6 11 14 -9 -7 -1 -4 -8 -5 -2 -15
right_child=2 -3 5 13 -6 9 12 8 -10 -11 -12 -13 -14 15 -16 -17
leaf_value=-0.0019426584794845761 -0.00093597138310387009 -0.0033790707375784437 0.00088523377734644896 -0.0010968806349126389 -0.0015246875954253746 0.0006955285307169044 0.0019470192071510749 0.00028777939805485535 0.001119807736413048 -0.00097683370641161635 -0.0011037588806555546 -0.00060905972997714352 0.00064353730516360078 0.00051943783815940493 0.00023851719722581141 -0.0001340594705861912
leaf_weight=79.505289550870657 11.984385948628189 105.71494905464351 5.9592273980379096 5.4720882698893538 4.722508192062377 6.0756369978189451 277.82442342117429 67.402397114783525 122.90715618431568 5.9458812661468983 102.04399075359106 8.0539214089512807 18.571146734058857 17.282551247626543 7.6788678839802733 71.330423310399055
leaf_count=448 56 766 11 28 27 10 386 155 243 17 513 24 28 53 27 250
internal_value=2.85823e-05 -0.00174944 0.00129876 -0.00106113 0.000614292 0.00173097 0.00180706 0.000709507 0.000849671 -0.000107583 -0.00152853 3.47241e-05 0.00188411 -0.00010841 -0.000476882 4.1579e-06
internal_weight=918.475 381.349 537.126 275.634 214.695 322.43 310.409 209.973 190.31 12.0215 181.549 14.0131 296.396 94.0851 19.6633 88.613
internal_count=3042 2058 984 1292 508 476 449 481 398 27 961 35 414 331 83 303
is_linear=0
shrinkage=0.00188856


Tree=8
num_leaves=19
num_cat=0
split_feature=19 13 18 18 19 23 13 13 0 17 18 23 0 9 16 23 17 16
split_gain=559.152 103.799 50.9075 26.0625 16.7284 13.688 13.3745 12.6004 11.011 10.6556 10.2958 6.43155 5.90303 5.66085 5.51596 4.58425 4.4601 4.12496
threshold=35.850000000000001 0.36666666666666675 11.500000000000002 7.5000000000000009 60.650000000000006 108.45000000000002 0.45000000000000007 0.63333333333333341 1750.0000000000002 57.784065934065936 9.5000000000000018 108.95000000000002 1750.0000000000002 0.049515639589168957 13.500000000000002 110.75000000000001 42.41564102564103 14.500000000000002
decision_type=2 2 2 2 2 2 2 2 2 2 2 2 2 2 2 2 2 2
left_child=1 3 7 5 13 17 11 9 -7 10 -2 -6 -11 -4 -5 -16 -8 -1
right_child=2 -3 4 14 6 8 16 -9 -10 12 -12 -13 -14 -15 15 -17 -18 -19
leaf_value=-0.0021197276266656019 -0.00055607848820628703 -0.0033628213569959942 0.00059770142835542423 0.00039305235917591472 0.0014098800649284616 0.00029278818979076789 0.00070479136064419427 -0.0015241651998302486 -0.0011780710401411928 0.0013967614767833156 0.00055128718841423053 0.0021864464716736302 0.00015967300134728886 -0.0011175493769967947 -0.00093387416246439373 0.00011559626762893468 -0.00097424968804814412 -0.0006181544833694367
leaf_weight=86.305577447637916 37.337114874273539 100.86662779934704 10.377966392785309 30.831289630383253 145.68226646631956 21.433128356933594 4.7132613360881788 4.7293796129524699 53.100267961621284 57.337471079081297 88.515477567911148 161.78874439746141 23.022833831608295 5.6214566677808753 31.247023973613977 19.334360737353563 5.5266983024775982 16.57844578102231
leaf_count=506 144 762 23 105 228 89 7 29 278 113 207 186 54 20 127 67 15 82
internal_value=3.36973e-05 -0.00177533 0.00123714 -0.0010896 0.00169307 -0.00148579 0.00178662 0.00048289 -0.000748276 0.000576907 0.000202339 0.00185671 0.0010934 -8.47421e-05 -0.000168363 -0.000539453 -0.000144606 -0.0019373
internal_weight=904.349 359.697 544.653 258.83 333.71 177.417 317.711 210.942 74.5334 206.213 125.853 307.471 80.3603 15.9994 81.4127 50.5814 10.24 102.884
internal_count=3042 2016 1026 1254 479 955 436 547 367 518 351 414 167 43 299 194 22 588
is_linear=0
shrinkage=0.00188856


Tree=9
num_leaves=21
num_cat=0
split_feature=18 13 18 18 13 13 0 23 23 23 23 0 0 23 23 23 16 23 2 16
split_gain=528.018 90.1219 60.5354 21.5414 16.7329 12.2086 10.0712 23.8525 18.79 8.4074 7.44309 28.8504 11.9578 6.90965 5.70591 6.6748 5.24078 4.93592 3.50495 2.34131
threshold=8.5000000000000018 1.0000000180025095e-35 11.500000000000002 6.5000000000000009 0.36666666666666675 0.45000000000000007 1750.0000000000002 108.55000000000001 124.15000000000002 108.75000000000001 108.95000000000002 1600.0000000000002 2500.0000000000005 108.25000000000001 67.500000000000014 108.55000000000001 11.500000000000002 60.350000000000001 3.5000000000000004 15.500000000000002
decision_type=2 2 2 2 2 2 2 2 2 2 2 2 2 2 2 2 2 2 2 2
left_child=1 3 4 13 6 10 7 -2 -8 -6 11 -4 -12 19 17 -16 -15 -5 -7 -1
right_child=2 -3 5 14 9 18 8 -9 -10 -11 12 -13 -14 16 15 -17 -18 -19 -20 -21
leaf_value=-0.0021796592551190396 0.00027219555078806661 -0.0032751986325314274 0.0016952811480120038 -0.00063231764382675544 -0.0018579109848338442 -0.00093380269352216013 -0.0010950195596291139 0.0019018539060309647 0.00085570559595217195 0.00025844180406708189 0.0022277276130931688 -0.00020106591026994018 0.00041855976062257419 -0.0017172532147706526 -0.0011078095182318929 0 -0.00041322965329450187 0.0010656245707063631 0.00051625778029884659 -0.00059838026095437088
leaf_weight=62.035301685333252 111.88318475335836 104.12131379172206 122.68301539868116 3.5517517849802962 11.198057536035778 4.6004509665071947 29.075138006359339 41.999374397099018 29.155676797032356 7.2540771141648284 147.82138580083847 33.728701300919056 19.716307573020458 15.408507708460091 34.608947372063994 40.202380903065205 43.161986170336604 11.397145859897135 7.0000689625740051 12.046224039047955
leaf_count=388 302 804 166 17 55 14 105 68 74 21 172 86 31 87 182 156 216 26 15 57
internal_value=3.64956e-05 -0.00185478 0.0011377 -0.00111555 0.000371368 0.00164463 0.000533506 0.000779884 -0.000108891 -0.00111206 0.0017121 0.00128583 0.00204428 -0.00158761 -0.000348361 -0.000567444 -0.00090437 0.000533231 -0.000105366 -0.00200313
internal_weight=892.649 326.534 566.115 222.412 230.566 335.55 212.113 153.883 58.2308 18.4521 323.949 156.412 167.538 132.652 89.7602 74.8113 58.5705 14.9489 11.6005 74.0815
internal_count=3042 1933 1109 1129 625 484 549 370 179 76 455 252 203 748 381 338 303 43 29 445
is_linear=0
shrinkage=0.00188856


Tree=10
num_leaves=22
num_cat=0
split_feature=19 13 18 18 19 23 0 13 23 23 0 16 23 13 23 9 19 23 23 19 9
split_gain=518.065 97.5233 46.1905 24.3876 16.27 15.1579 18.9007 13.8676 13.6325 12.0676 11.271 8.45055 6.47029 6.333 6.52144 5.14273 5.12981 3.84284 3.60076 3.36543 2.82486
threshold=35.850000000000001 0.36666666666666675 11.500000000000002 7.5000000000000009 60.650000000000006 108.55000000000001 1750.0000000000002 1.0000000180025095e-35 108.45000000000002 124.15000000000002 1600.0000000000002 10.500000000000002 68.050000000000011 0.45000000000000007 108.95000000000002 0.049515639589168957 45.850000000000009 60.350000000000001 107.85000000000001 2.0500000000000003 0.051956815114709808
decision_type=2 2 2 2 2 2 2 2 2 2 2 2 2 2 2 2 2 2 2 2 2
left_child=1 3 5 8 15 7 16 10 19 -8 -2 -10 17 14 -6 -4 -7 -5 -14 -1 -15
right_child=2 -3 4 12 13 6 9 -9 11 -11 -12 -13 18 20 -16 -17 -18 -19 -20 -21 -22
leaf_value=0 0.00061613442720504852 -0.0033321969874044424 0.0005377451768404383 -0.00031216926550117123 0.0013366053425462518 -4.6926268988116717e-05 -0.00059919750790399739 -0.0015488579679195371 -0.001851692882082405 0.00097819922643702095 -0.00075256048788824 -0.0003167960052621741 -0.00085381543231486268 -0.00064948066492750511 0.0021030591234918474 -0.0011011516756322965 0.0020188005705166776 0.001279899877591003 0 -0.001978942216793656 0.00070591118823838379
leaf_weight=2.370752226561307 72.75217698328197 94.738479621708393 10.299712531268595 3.6448842585086814 145.02762112393975 3.0659948214888564 28.055194310843945 12.0373726375401 13.078173007816075 28.696909204125404 23.215373020619154 60.094412555918097 30.458423804491758 3.7673392668366414 159.64676953107119 5.5021789520978919 39.371225133538246 9.1870983317494375 37.409896042197943 96.157597297802567 6.059661403298378
leaf_count=9 188 762 23 15 228 12 101 52 73 66 72 294 132 14 186 20 56 16 136 579 8
internal_value=4.08906e-05 -0.00173878 0.00119922 -0.00107218 0.00163488 0.000472066 0.000982616 -1.21405e-05 -0.00146483 0.000194467 0.000247236 -0.000727268 -0.000177933 0.00172764 0.0017753 -0.00011771 0.00185476 0.000801606 -0.000431125 -0.00192679 5.30593e-05
internal_weight=884.637 347.14 537.498 252.401 330.303 207.194 99.1893 108.005 171.701 56.7521 95.9676 73.1726 80.7003 314.501 304.674 15.8019 42.4372 12.832 67.8683 98.5283 9.827
internal_count=3042 2016 1026 1254 479 547 235 312 955 167 260 367 299 436 414 43 68 31 268 588 22
is_linear=0
shrinkage=0.00188856


Tree=11
num_leaves=23
num_cat=0
split_feature=19 13 18 18 23 0 13 19 23 23 0 0 23 23 0 0 9 19 16 23 23 1
split_gain=496.77 95.183 42.5606 22.8293 14.8511 17.3818 13.8645 13.0887 13.0105 11.6028 11.0082 10.3398 6.98764 33.0021 8.097 6.20652 4.90556 4.82993 4.14057 3.9141 3.66921 2.4738
threshold=35.850000000000001 0.36666666666666675 11.500000000000002 7.5000000000000009 108.55000000000001 1750.0000000000002 1.0000000180025095e-35 60.650000000000006 108.45000000000002 124.15000000000002 1750.0000000000002 1600.0000000000002 108.95000000000002 105.85000000000001 2500.0000000000005 1100.0000000000002 0.049515639589168957 45.850000000000009 14.500000000000002 109.55000000000001 60.350000000000001 52.500000000000007
decision_type=2 2 2 2 2 2 2 2 2 2 2 2 2 2 2 2 2 2 2 2 2 2
left_child=1 3 4 8 6 17 11 16 18 -7 -10 -2 13 -9 -14 20 -4 -6 -1 -17 -5 -8
right_child=2 -3 7 15 5 9 21 12 10 -11 -12 -13 14 -15 -16 19 -18 -19 -20 -21 -22 -23
leaf_value=-0.0020950296024146971 0.0005956811014705811 -0.0033200262682485156 0.00058345809374485034 -0.00031302134468437297 -3.5148687762860257e-05 -0.00057374821238053212 0 0.0016963683778172596 0.00031624996271503248 0.00098087248453421422 -0.0011613877769612116 -0.00071895471619952606 0.0021593684417967646 -0.00033659243232594157 0.00051328327270557287 -0.00077546388929964065 -0.0010434881425006434 0.0019749161170860919 -0.0005864736847467786 7.9903369669190099e-05 0.0012387728366900018 -0.001892164263670336
leaf_weight=80.353765187785029 73.010834965854883 92.470148051157594 10.506108757108448 3.605169214308261 3.0609492100775233 27.718611028045416 3.0933259278535834 120.28322445601225 21.207722365856171 28.311966437846422 51.750984128564596 22.929162126034498 141.63790180534124 33.173435289412737 18.625056244432926 40.184406518936157 4.9302189052104941 39.022384829819202 16.128019873052835 26.395488280802965 9.1943214014172536 8.5874492079019529
leaf_count=506 188 762 23 15 12 101 14 157 89 66 278 72 166 85 28 171 20 56 82 97 16 38
internal_value=3.57371e-05 -0.00172564 0.00116872 -0.00106379 0.000466686 0.000975495 -1.24475e-05 0.00158737 -0.00144588 0.00020922 -0.000723619 0.000244662 0.00166954 0.00125242 0.00200145 -0.000188395 -2.05607e-05 0.00181489 -0.00190485 -0.000439427 0.000770473 -0.00156659
internal_weight=876.181 341.29 534.891 248.82 205.735 98.1139 107.621 329.156 169.44 56.0306 72.9587 95.94 313.72 153.457 160.263 79.3794 15.4363 42.0833 96.4818 66.5799 12.7995 11.6808
internal_count=3042 2016 1026 1254 547 235 312 479 955 167 367 260 436 242 194 299 43 68 588 268 31 52
is_linear=0
shrinkage=0.00188856


Tree=12
num_leaves=20
num_cat=0
split_feature=19 13 19 18 23 23 18 19 9 11 18 23 23 11 23 0 9 23 23
split_gain=438.696 98.8809 45.7919 19.9128 18.0561 22.4514 17.8038 16.9895 15.9834 18.5647 10.1713 9.27407 8.97008 8.87197 6.652 5.31167 4.0092 3.80864 3.1834
threshold=33.550000000000004 1.0000000180025095e-35 158.95000000000002 12.500000000000002 108.95000000000002 104.55000000000001 7.5000000000000009 63.250000000000007 0.090097402597402565 0.040833333333333312 15.500000000000002 161.55000000000004 61.45000000000001 0.10607196401799096 110.35000000000001 2500.0000000000005 0.012896825396825353 108.15000000000002 108.45000000000002
decision_type=2 2 2 2 2 2 2 2 2 2 2 2 2 2 2 2 2 2 2
left_child=1 6 3 8 5 10 11 -5 9 -2 -4 18 -8 -10 -14 -9 -6 -7 -1
right_child=2 -3 4 7 16 17 12 15 13 -11 -12 -13 14 -15 -16 -17 -18 -19 -20
leaf_value=-0.0016973562508444905 -0.00013458417361578138 -0.0032019127704089952 0.0016028674940213213 -0.0009443882849288443 0.0006541590213180674 -0.0015131821947727963 0.0011236103954253532 0.001666089624599156 -0.0015937192246559559 0.00097363344627568547 -0.00049395602709858004 0.00011030560975298037 -0.00092477222058143054 0 0.00029367069372516835 -3.8063786742277057e-05 0.0024135308479399488 7.34257516175046e-05 -0.00085933075032209694
leaf_weight=88.725746124982834 86.036445561796427 104.86160054802895 60.325639490038157 6.1992647983133784 12.803875029087065 7.5722807981073839 10.630054280161856 80.73588352650404 14.803415095433591 125.3404140509665 5.6061447560787192 12.825988966971634 32.541220463812351 31.115758448839188 21.246053170412779 5.1311860010027877 97.55959615111351 5.6228584200143814 57.389451049268246
leaf_count=547 261 841 84 23 20 28 20 117 57 287 12 51 141 97 82 10 98 14 302
internal_value=-2.1817e-05 -0.00172661 0.00102171 0.000593502 0.00176202 0.000934818 -0.000962659 0.00132475 0.000302613 0.000525161 0.0013798 -0.00129238 -8.94926e-05 -0.000638607 -0.000440042 0.00155394 0.00226502 -0.000955933 -0.00142375
internal_weight=867.073 328.22 538.853 349.362 189.49 79.1269 223.359 92.0663 257.296 211.377 65.9318 158.941 64.4173 45.9192 53.7873 85.8671 110.363 13.1951 146.115
internal_count=3092 1984 1108 852 256 138 1143 150 702 548 96 900 243 154 223 127 118 42 849
is_linear=0
shrinkage=0.00188856


Tree=13
num_leaves=20
num_cat=0
split_feature=18 19 13 13 23 23 19 9 23 23 18 0 23 19 23 23 19 19 2
split_gain=425.107 69.631 62.0558 23.6653 19.887 21.6136 15.0806 18.7748 9.86075 9.80061 9.23357 8.63091 7.67214 7.30268 4.76575 4.74805 3.94436 3.61178 3.34997
threshold=7.5000000000000009 113.50000000000001 0.36666666666666675 0.87500000000000011 108.95000000000002 105.85000000000001 42.050000000000004 0.045478036175710557 70.750000000000014 108.45000000000002 10.500000000000002 1750.0000000000002 161.55000000000004 76.950000000000017 114.85000000000001 109.45000000000002 2.2500000000000004 170.10000000000005 3.5000000000000004
decision_type=2 2 2 2 2 2 2 2 2 2 2 2 2 2 2 2 2 2 2
left_child=2 3 9 6 5 8 14 -8 -3 13 -6 15 -13 16 -2 -11 -1 -12 -7
right_child=1 4 -4 -5 10 18 7 -9 -10 11 17 12 -14 -15 -16 -17 -18 -19 -20
leaf_value=0 2.2441417966923764e-05 0.00033529876762841134 -0.0033255194320637523 -0.002083806644110574 0 0 -4.516701900317378e-05 0.0010785810406168045 0.0017249531915105604 -0.00054989043503162263 0.0012539876548396042 -0.0013849818769927839 0.00010199934971307664 0.00047293091369239983 -0.00084425135002361043 0.00087542898401982746 -0.0018456833814586898 0.0024246055889349007 -0.0012221770176404202
leaf_weight=2.9083569943904868 88.664272166788578 33.504146926105022 84.302292112261057 8.6173956803977472 6.8346806317567816 15.146023552864792 81.381924860179424 133.12076653540134 60.460376974195242 8.6875888444483298 42.035791955888271 43.645015247166157 13.309958215802906 2.095340931788086 23.097784807905555 12.554220501333473 92.935748554766178 96.54378455132246 8.4875463992357236
leaf_count=14 310 66 724 52 20 38 232 271 86 43 64 252 53 5 103 48 585 96 30
internal_value=-2.4828e-05 0.000850506 -0.00201329 0.000265688 0.00156769 0.000897619 0.000368191 0.000656558 0.00129254 -0.00128922 0.00204386 -0.000680418 -0.00103972 -0.00169528 -0.000179218 0.000250938 -0.00178076 0.00214538 -0.000571531
internal_weight=858.333 597.894 260.439 334.882 263.012 117.598 326.265 214.503 93.9645 176.136 145.414 78.1968 56.955 97.9394 111.762 21.2418 95.8441 138.58 23.6336
internal_count=3092 1368 1724 968 400 220 916 503 152 1000 180 396 305 604 413 91 599 160 68
is_linear=0
shrinkage=0.00188856


Tree=14
num_leaves=20
num_cat=0
split_feature=18 19 13 13 23 23 11 17 23 10 23 18 0 23 19 19 23 19 23
split_gain=410.282 65.7402 60.5819 22.6259 17.9621 18.1979 14.9163 14.7649 9.89345 9.64146 9.05721 8.59051 8.57784 7.39657 6.73776 4.41971 4.28824 4.07624 3.73793
threshold=7.5000000000000009 113.50000000000001 0.36666666666666675 0.87500000000000011 108.95000000000002 105.85000000000001 0.024725274725274703 75.182142857142864 108.45000000000002 1.0000000180025095e-35 70.750000000000014 10.500000000000002 1750.0000000000002 161.55000000000004 76.950000000000017 170.10000000000005 109.45000000000002 2.2500000000000004 107.55000000000001
decision_type=2 2 2 2 2 2 2 2 2 2 2 2 2 2 2 2 2 2 2
left_child=2 3 8 6 5 10 9 -8 14 -2 -3 -6 16 -14 17 -13 -10 -1 -7
right_child=1 4 -4 -5 11 18 7 -9 12 -11 -12 15 13 -15 -16 -17 -18 -19 -20
leaf_value=5.0254181700039809e-06 0.00086730307298056011 0.00032255751732212731 -0.0033103977012722686 -0.002051754402035688 0 -0.0012672237580231181 0.00071034187331321652 -0.00079503436658948264 -0.00050806982592072275 -0.0007178664352442103 0.0016528933299662881 0.0011802266930229606 -0.0013715877049147425 9.0947144686535114e-05 0.00042539653186648144 0.0023778149804870065 0.00084620625882683774 -0.0018383347271853155 3.0480951176021738e-05
leaf_weight=2.9423943292349568 11.433945860713719 33.635526530444622 82.239948816597462 8.3579368405044061 6.7981422767043105 6.8206783346831825 237.92881564609706 19.927226670086384 8.5902158766984957 56.532312739640474 61.223583295941353 41.177738815546036 43.014377005398273 13.332637421786783 2.0533411465585223 95.950916491448879 12.655993182212113 91.375348370522261 15.195417433977125
leaf_count=14 26 66 724 52 20 32 630 58 43 202 86 64 252 53 5 96 48 585 36
internal_value=-2.34723e-05 0.000835153 -0.00199605 0.000266906 0.00153596 0.000892195 0.000366353 0.00057356 -0.00127782 -0.000384573 0.00124153 0.00199333 -0.000667074 -0.00102871 -0.00168877 0.00209193 0.000258516 -0.00177071 -0.000509114
internal_weight=851.186 594.982 256.204 334.18 260.802 116.875 325.822 257.856 173.964 67.9663 94.8591 143.927 77.5932 56.347 96.3711 137.129 21.2462 94.3177 22.0161
internal_count=3092 1368 1724 968 400 220 916 688 1000 228 152 180 396 305 604 160 91 599 68
is_linear=0
shrinkage=0.00188856


Tree=15
num_leaves=19
num_cat=0
split_feature=18 19 13 13 23 23 11 19 10 23 23 18 19 19 23 19 23 19
split_gain=395.264 63.878 60.0041 22.0728 17.6169 17.5196 13.8302 14.4025 10.802 9.38602 9.21356 8.15884 6.43294 5.91799 5.80667 4.29047 3.91558 2.45399
threshold=7.5000000000000009 113.50000000000001 0.36666666666666675 0.87500000000000011 108.95000000000002 105.85000000000001 0.024725274725274703 31.400000000000002 1.0000000180025095e-35 108.25000000000001 70.750000000000014 10.500000000000002 76.950000000000017 7.4500000000000011 161.55000000000004 154.85000000000002 107.55000000000001 2.2500000000000004
decision_type=2 2 2 2 2 2 2 2 2 2 2 2 2 2 2 2 2 2
left_child=2 3 9 6 5 10 8 -8 -2 12 -3 -6 17 -11 -15 -13 -7 -1
right_child=1 4 -4 -5 11 16 7 -9 -10 13 -12 15 -14 14 -16 -17 -18 -19
leaf_value=0 0.00092289680474672367 0.00030507307840154464 -0.0032985750930898763 -0.0020365860883385513 0 -0.0012929060994840982 -0.00029298041331281196 0.0007783964608409793 -0.00073864892748234782 -0.0013640131598617773 0.0016391910179249956 0.0010151094146779868 0.00040241327412067289 -0.00055054613282888576 0.00074546463583175849 0.0022909971199665227 4.2699879130413574e-05 -0.0018079125775276822
leaf_weight=2.6424025669693938 12.023956026881931 33.867611590772867 80.162892142310739 8.2516054362058622 6.7696456462144843 6.574330851435664 51.217677757143974 206.52007533609867 54.733674187213182 24.254009814932942 60.345614653080702 30.879276975989342 2.0372662357985964 45.435738069936633 9.9303226433694345 105.51364153623581 15.181030735373495 87.809425121173263
leaf_count=13 26 66 724 52 20 32 203 485 202 141 86 52 5 236 35 108 36 570
internal_value=-1.88099e-05 0.000823151 -0.00197264 0.000262048 0.00151644 0.000876407 0.000360374 0.000558632 -0.000369761 -0.00125743 0.00121977 0.00196998 -0.00167468 -0.000673953 -0.000246347 0.00206633 -0.000504969 -0.00175734
internal_weight=844.15 591.878 252.272 332.747 259.131 115.969 324.495 257.738 66.7576 172.109 94.2132 143.163 92.4891 79.6201 55.3661 136.393 21.7554 90.4518
internal_count=3092 1368 1724 968 400 220 916 688 228 1000 152 180 588 412 271 160 68 583
is_linear=0
shrinkage=0.00188856


Tree=16
num_leaves=18
num_cat=0
split_feature=18 19 13 13 23 23 19 23 11 23 18 19 23 19 23 19 23
split_gain=382.767 62.102 58.8326 21.4524 17.8248 17.4139 11.4565 9.41777 8.94586 8.85418 7.66247 6.32664 5.90736 5.44336 5.71412 4.37357 4.1301
threshold=7.5000000000000009 113.50000000000001 0.36666666666666675 0.87500000000000011 108.95000000000002 105.85000000000001 45.050000000000004 108.25000000000001 0.025978407557354904 70.750000000000014 10.500000000000002 76.950000000000017 107.85000000000001 7.4500000000000011 160.85000000000005 170.10000000000005 107.55000000000001
decision_type=2 2 2 2 2 2 2 2 2 2 2 2 2 2 2 2 2
left_child=2 3 7 6 5 9 12 11 -8 -3 -6 -1 -2 -9 -15 -12 -7
right_child=1 4 -4 -5 10 16 8 13 -10 -11 15 -13 -14 14 -16 -17 -18
leaf_value=-0.00175204731090325 -0.00048443914842394341 0.00029898672095805422 -0.0032883868748722128 -0.0020208253172786846 0 -0.0013285235631685813 -0.00010098400388053211 -0.0013322811619496798 0.00082829215155254873 0.0016077909328989239 0.0011419008100910124 0.00039297498752238091 0.00030118773043159576 -0.00057897056834104062 0.00065573471726262825 0.0023291849355325219 4.4487080028728181e-05
leaf_weight=89.120731936767697 62.488084975630045 33.850166209042072 78.328112703748047 8.1381650939583761 6.6830748990178099 6.5795362666249302 43.051019743084908 23.904640894383192 157.04091276973486 60.480658326297998 40.561916805803776 2.0437254458665839 60.827952733263373 43.113868689164519 12.022100694477556 94.53215441852808 15.197106860578058
leaf_count=583 236 66 724 52 20 32 135 141 338 86 64 5 207 229 42 96 36
internal_value=-1.88324e-05 0.00080834 -0.00195867 0.000254276 0.00149369 0.000854693 0.000351267 -0.0012482 0.000624777 0.00119728 0.00195213 -0.00166901 -9.06309e-05 -0.000663835 -0.000250126 0.00204574 -0.000519559
internal_weight=837.964 589.431 248.533 331.546 257.885 116.107 323.408 170.205 200.092 94.3308 141.777 91.1645 123.316 79.0406 55.136 135.094 21.7766
internal_count=3092 1368 1724 968 400 220 916 1000 473 152 180 588 443 412 271 160 68
is_linear=0
shrinkage=0.00188856


Tree=17
num_leaves=18
num_cat=0
split_feature=18 19 13 13 23 18 23 23 23 10 23 19 19 23 16 23 19
split_gain=369.173 59.0549 57.9565 25.7496 16.3527 15.9486 13.0949 9.59164 9.34751 7.62489 6.70077 6.23102 5.9579 5.31405 4.34613 3.72644 2.74526
threshold=7.5000000000000009 151.05000000000004 0.36666666666666675 0.87500000000000011 108.95000000000002 9.5000000000000018 104.55000000000001 108.65000000000002 108.45000000000002 0.11437908496732026 60.650000000000013 7.4500000000000011 76.950000000000017 160.85000000000005 11.500000000000002 107.55000000000001 2.2500000000000004
decision_type=2 2 2 2 2 2 2 2 2 2 2 2 2 2 2 2 2
left_child=2 3 8 5 6 7 10 -2 12 -7 -3 -10 16 -13 -6 -8 -1
right_child=1 4 -4 -5 14 9 15 -9 11 -11 -12 13 -14 -15 -16 -17 -18
leaf_value=0 -0.00063010974948064747 -0.00047748562677879124 -0.003275862997275811 -0.0020928055673745428 4.8877434938259331e-05 0.0013910263728828562 -0.001287690657116322 0.00043369973378041166 -0.001376183408327741 0.00051314241836769776 0.0013652891845623084 -0.00053370750206705841 0.00037626681452484275 0.00065937808314051559 0.0021921801213090029 0.00013360085165834169 -0.001776686716832273
leaf_weight=2.8045929782092562 60.826440621167421 3.748144529759883 76.563255786895752 8.7790222875773889 5.0794841274619094 43.961363315582275 4.9483716711401931 48.440985918045044 21.894670380279422 228.6024573482573 65.630704089999199 42.084361793473363 1.971162550151347 12.033664051443337 105.82644752413034 10.638636462390421 87.457081116735935
leaf_count=14 246 9 724 58 13 78 24 166 132 545 93 222 5 42 111 25 585
internal_value=-1.81673e-05 0.000793371 -0.00194017 0.000354159 0.00162617 0.0004453 0.000878894 -0.000148931 -0.00123299 0.000686373 0.00121806 -0.000635922 -0.00164274 -0.000207025 0.00211292 -0.000488192 -0.00172131
internal_weight=831.291 586.482 244.809 390.61 195.872 381.831 84.9659 109.267 168.246 272.564 69.3788 76.0127 92.2328 54.118 110.906 15.587 90.2617
internal_count=3092 1368 1724 1093 275 1035 151 412 1000 623 102 396 604 264 124 49 599
is_linear=0
shrinkage=0.00188856


Tree=18
num_leaves=17
num_cat=0
split_feature=18 13 19 13 23 0 0 23 23 18 23 23 23 23 18 23
split_gain=404.517 78.1511 50.0872 21.9939 16.6307 34.0686 23.3207 12.5572 16.5742 8.06485 6.94851 4.72002 6.58072 3.73514 3.65505 2.67453
threshold=8.5000000000000018 1.0000000180025095e-35 158.95000000000002 0.87500000000000011 107.85000000000001 1750.0000000000002 1600.0000000000002 108.95000000000002 104.55000000000001 6.5000000000000009 161.55000000000004 67.500000000000014 107.75000000000001 60.95000000000001 15.500000000000002 107.95000000000002
decision_type=2 2 2 2 2 2 2 2 2 2 2 2 2 2 2 2
left_child=1 9 3 4 6 -6 -2 8 14 10 -1 13 -13 -11 -4 -10
right_child=2 -3 7 -5 5 -7 -8 -9 15 11 -12 12 -14 -15 -16 -17
leaf_value=-0.0014846505458912188 0.00055497734195997152 -0.0032155493904060476 0.0015187703411154267 -0.0018756047243933286 0.0018693183591214995 0.00022870389479756999 -0.0010839241848315342 0.0022527833676730773 -0.0012862109053743769 -0.00045631204454005817 4.4683201483355505e-05 -0.001349248237771962 -0.00015943770079309051 0.001028614305942307 0 1.694270806804455e-05
leaf_weight=112.0556224398315 129.37793528661132 86.022553323768079 68.840591281652451 6.9363125730305901 83.68627605587244 99.048325691372156 33.984651245176792 101.65479548275471 4.3822763375937921 5.073089834302662 9.4229007791727764 26.509367613121867 43.871793497353792 6.9400291331112385 4.8524076119065276 7.8215422332286835
leaf_count=718 315 802 88 42 134 272 118 108 21 24 39 153 188 15 12 20
internal_value=3.1142e-05 -0.00174609 0.000995329 0.000554862 0.000638427 0.00102258 0.000179906 0.00177473 0.00108454 -0.00104566 -0.00135907 -0.00050775 -0.000695664 0.000384497 0.00141513 -0.00064731
internal_weight=830.48 289.895 540.585 353.034 346.097 182.735 163.363 187.552 85.8968 203.873 121.479 82.3943 70.3812 12.0131 73.693 12.2038
internal_count=3069 1939 1130 881 839 406 433 249 141 1137 757 380 341 39 100 41
is_linear=0
shrinkage=0.00188856


Tree=19
num_leaves=17
num_cat=0
split_feature=18 13 19 13 23 23 10 23 23 16 23 23 23 19 18 23
split_gain=397.886 75.8499 48.0023 21.5005 15.2897 23.0447 14.4325 12.6874 15.414 9.83899 11.2485 8.65922 7.72495 6.25016 3.50424 2.8149
threshold=8.5000000000000018 1.0000000180025095e-35 158.95000000000002 0.87500000000000011 107.85000000000001 97.350000000000009 0.2069580731489741 108.95000000000002 104.55000000000001 11.500000000000002 108.15000000000002 120.35000000000001 70.950000000000017 111.45 15.500000000000002 107.95000000000002
decision_type=2 2 2 2 2 2 2 2 2 2 2 2 2 2 2 2
left_child=1 9 3 4 5 -2 -6 8 14 13 12 -12 -11 -1 -4 -10
right_child=2 -3 7 -5 6 -7 -8 -9 15 10 11 -13 -14 -15 -16 -17
leaf_value=-0.0019564906750813376 0.00057072762917140263 -0.0032029770655643392 0.0014807633593827848 -0.0018558092907926364 0.0013318705115196515 -0.0010682021237759069 0.00011494448440119684 0.0022404505014197692 -0.0012895757518805624 -0.00040973417595648016 0.00040031406032192365 -0.00079914379657728134 -0.0017195872515594966 0.00013602839331276954 0 5.6343872662174252e-05
leaf_weight=45.56451291590929 127.62818356975913 84.562743521295488 68.918482847511768 6.8193830233067265 130.80674634501338 33.516692476347089 51.553640766069293 100.60147646069527 4.3271837010979635 35.703204786404967 38.791718404740095 34.538145910948515 43.455728105269372 3.525481652468442 4.7974390536546698 7.2882189005613327
leaf_count=269 314 802 88 42 253 119 153 108 21 198 170 190 299 11 12 20
internal_value=3.35898e-05 -0.00174181 0.00099215 0.000558768 0.00064149 0.000195826 0.0010095 0.00175886 0.00106681 -0.0010477 -0.000743942 -0.00016555 -0.00121479 -0.00178362 0.00137981 -0.000637689
internal_weight=822.399 286.142 536.257 350.325 343.505 161.145 182.36 185.933 85.3313 201.579 152.489 73.3299 79.1589 49.09 73.7159 11.6154
internal_count=3069 1939 1130 881 839 433 406 249 141 1137 857 360 497 280 100 41
is_linear=0
shrinkage=0.00188856


Tree=20
num_leaves=19
num_cat=0
split_feature=18 13 18 23 23 23 17 9 17 23 16 23 23 10 23 23 23 18
split_gain=386.766 74.7734 41.4927 17.6721 23.3287 14.3661 12.4846 10.5866 10.1879 9.64932 9.1241 12.4709 8.17305 8.08407 7.67118 6.42533 5.84435 3.54134
threshold=8.5000000000000018 0.29166666666666669 11.500000000000002 107.85000000000001 94.250000000000014 70.750000000000014 64.956250000000026 0.10495716034271721 38.974038461538477 60.750000000000007 10.500000000000002 108.15000000000002 120.35000000000001 0.15007309941520466 108.25000000000001 115.55000000000001 70.950000000000017 12.500000000000002
decision_type=2 2 2 2 2 2 2 2 2 2 2 2 2 2 2 2 2 2
left_child=1 10 3 4 9 6 13 15 14 -2 -1 16 -13 -4 -7 -5 -12 -10
right_child=2 -3 5 7 -6 8 -8 -9 17 -11 11 12 -14 -15 -16 -17 -18 -19
leaf_value=-0.0019348164506025418 -0.00091987006945701548 -0.0032189963699307011 0.0014940928133386664 0.001351351153444509 -0.0017451823098174348 -0.00037049332256738503 -0.0012537199959977805 -0.00066026806725620157 0.001082496680048624 0.00054328713275867779 -0.00054874158768285772 0.00031250664812307977 -0.00081339602512425161 0 0.001111667477211014 0.00028041075146299473 -0.0017013190009989379 0.0019428942641484608
leaf_weight=34.042130075395107 14.07926234602928 81.085921239107847 21.74450521916151 66.622428949922323 21.200316390022635 15.02981600910425 7.1300773918628684 10.219405069947241 59.854435563087463 71.475051783025265 39.352657347917557 42.713771970942616 36.74887147732079 22.262954510748386 25.396393954753876 37.693579286336899 49.348146231845021 163.0695572104305
leaf_count=201 49 787 31 130 97 38 19 42 113 192 215 195 199 48 45 114 342 212
internal_value=3.22369e-05 -0.00172949 0.000975023 0.000327858 -0.00021133 0.00141162 0.000400668 0.000826976 0.00158971 0.000243548 -0.00105038 -0.000803321 -0.000213143 0.000813385 0.000555278 0.00101267 -0.00127107 0.00175206
internal_weight=819.069 283.291 535.778 221.29 106.755 314.488 51.1375 114.535 263.35 85.5543 202.206 168.163 79.4626 44.0075 40.4262 104.316 88.7008 222.924
internal_count=3069 1939 1130 624 338 506 98 286 408 241 1152 951 394 79 83 244 557 325
is_linear=0
shrinkage=0.00188856


Tree=21
num_leaves=18
num_cat=0
split_feature=18 13 19 13 19 11 23 23 23 23 23 23 19 23 18 18 23
split_gain=386.725 72.6287 47.1825 21.2996 14.5408 12.9281 11.4754 16.6265 9.33821 7.24123 5.80328 5.78868 4.00921 3.97446 3.55052 2.68902 2.48329
threshold=8.5000000000000018 1.0000000180025095e-35 158.95000000000002 0.87500000000000011 45.050000000000004 0.026671408250355601 108.95000000000002 104.55000000000001 108.15000000000002 111.75000000000001 69.550000000000011 161.55000000000004 85.050000000000011 70.950000000000017 15.500000000000002 6.5000000000000009 108.15000000000002
decision_type=2 2 2 2 2 2 2 2 2 2 2 2 2 2 2 2 2
left_child=1 8 3 4 10 -6 7 14 12 15 -2 -11 13 -1 -4 -10 -9
right_child=2 -3 6 -5 5 -7 -8 16 9 11 -12 -13 -14 -15 -16 -17 -18
leaf_value=-0.00082225189987527637 -0.0010666711454146761 -0.0031814682428785773 0.0015094955137368313 -0.0018511987924372491 0.00013568567830869976 0.0010982354299545359 0.0022152287257747763 -0.0011548124089397144 -0.00034411965112950398 -0.001309477301465912 0.00015740495897961231 0 0.00020069047091981237 -0.0018760971338793728 0 0.00049659737724468134 0.00011353922764674322
leaf_weight=43.410965671762824 10.856929920613764 82.623968170955777 66.876076780259609 6.8083451930433503 73.589854169636965 190.42102241143584 99.055081367492676 6.734071768820284 23.617547200992703 38.904500471428037 67.817699236795306 14.354217354208229 2.3430101796984664 57.302278846502304 4.6084421947598448 18.732874557375908 5.0474056825041771
leaf_count=242 44 802 88 42 208 372 108 27 123 245 215 58 7 397 12 65 14
internal_value=3.43033e-05 -0.00173334 0.000980617 0.000552655 0.000635206 0.000843822 0.00175025 0.00107068 -0.0010491 -0.000548082 -5.93213e-05 -0.000975104 -0.00144608 -0.00150597 0.00140698 1.57043e-05 -0.000681485
internal_weight=813.104 281.289 531.815 349.494 342.686 264.011 182.321 83.266 198.665 95.6091 78.6746 53.2587 103.056 100.713 71.4845 42.3504 11.7815
internal_count=3069 1939 1130 881 839 580 249 141 1137 491 259 303 646 639 100 188 41
is_linear=0
shrinkage=0.00188856


Tree=22
num_leaves=16
num_cat=0
split_feature=18 13 19 13 19 11 23 23 16 23 23 19 10 23 23
split_gain=378.229 71.0343 47.0539 20.8068 13.8185 11.7234 10.9718 16.5028 9.83674 13.5561 8.50359 7.12638 5.61832 3.96225 2.44421
threshold=8.5000000000000018 0.29166666666666669 158.95000000000002 0.87500000000000011 45.050000000000004 0.026671408250355601 108.95000000000002 104.55000000000001 10.500000000000002 108.15000000000002 120.35000000000001 111.45 0.11437908496732026 70.950000000000017 108.15000000000002
decision_type=2 2 2 2 2 2 2 2 2 2 2 2 2 2 2
left_child=1 8 3 4 12 -6 7 -4 11 13 -11 -1 -2 -10 -9
right_child=2 -3 6 -5 5 -7 -8 14 9 10 -12 -13 -14 -15 -16
leaf_value=-0.002224276334471479 0.00085138578795534406 -0.0031981866585927641 0.0014055659853011487 -0.0018388740221497678 0.00014487308623926357 0.0010692216622125122 0.0021997909495569206 -0.0011517629636983249 -0.00062534706659059377 0.0003469736153812067 -0.00080853620396843264 0.00013317737069842362 -0.00030707733159870504 -0.001670688555457856 0.00010922209718748425
leaf_weight=30.331624258309603 12.72960279881954 78.97786655370146 71.587509974837303 6.7408115789294234 72.630181074142456 190.4897818826139 98.389868259429932 6.6479629017412645 38.450792822986841 42.481399059295654 36.00109531916678 3.2966755256056777 65.334692845121026 48.507963271811604 5.0343904346227646
leaf_count=190 24 787 100 42 208 372 108 27 215 195 199 11 235 342 14
internal_value=3.54005e-05 -0.00172486 0.000971024 0.000542774 0.00062457 0.000827913 0.00174064 0.00107203 -0.00105751 -0.000800913 -0.000187082 -0.00197441 -5.51474e-05 -0.00129285 -0.000680276
internal_weight=807.632 278.047 529.585 347.925 341.184 263.12 181.66 83.2699 199.07 165.441 78.4825 33.6283 78.0643 86.9588 11.6824
internal_count=3069 1939 1130 881 839 580 249 141 1152 951 394 201 259 557 41
is_linear=0
shrinkage=0.00188856


Tree=23
num_leaves=19
num_cat=0
split_feature=18 13 19 23 13 23 11 19 16 23 23 23 2 23 19 23 23 19
split_gain=369.588 70.4503 46.6883 18.7057 16.1263 11.9325 11.792 15.0616 9.97652 12.4902 8.34749 8.23645 6.26926 6.01731 5.87891 5.78586 3.82273 2.77528
threshold=8.5000000000000018 1.0000000180025095e-35 103.35000000000001 108.95000000000002 0.87500000000000011 97.350000000000009 0.025978407557354904 42.050000000000004 11.500000000000002 108.15000000000002 120.35000000000001 70.750000000000014 2.5000000000000004 107.35000000000001 111.45 91.15000000000002 107.55000000000001 170.10000000000005
decision_type=2 2 2 2 2 2 2 2 2 2 2 2 2 2 2 2 2 2
left_child=1 8 4 5 6 11 13 -8 14 15 -11 -4 -5 -2 -1 -10 -7 -14
right_child=2 -3 3 12 -6 16 7 -9 9 10 -12 -13 17 -15 -16 -17 -18 -19
leaf_value=-0.0019547358596099696 -0.00090304929907456043 -0.0031593993096259657 0.00029182819528963282 0.00019775565357078891 -0.0017505654923181792 -0.00093545609123785894 -0.00015581997754888667 0.00098877285201090016 -0.00065069130076419817 0.00043141135040465205 -0.00075941027279905718 0.0015457163403808623 0.0012990051236811515 0.0002241222742246773 0.00012533767556065253 -0.0018875161366514574 0.00028904497755947544 0.0023965410394653987
leaf_weight=43.728530120104551 22.828747687861323 80.221496888436377 33.720375839620829 9.5317091345787031 6.184631433337926 8.7824336104095 51.67677909322083 145.07492951862514 48.079097202047706 38.614562854170799 33.092290693894029 65.301968686282635 46.630634553730488 33.523210413753986 3.2923842519521704 28.29729544557631 16.395067539066076 86.575899183750153
leaf_count=269 90 802 69 21 38 37 184 289 295 170 190 93 74 102 11 202 45 88
internal_value=3.82233e-05 -0.00171122 0.000964999 0.00151328 0.000374112 0.000889213 0.000470428 0.000685866 -0.00103279 -0.000724753 -0.000117211 0.00117239 0.00198967 -0.000254069 -0.0017863 -0.00122901 -0.000193114 0.00209431
internal_weight=801.552 275.326 526.226 266.938 259.288 124.2 253.104 196.752 195.104 148.083 71.7069 99.0223 142.738 56.352 47.0209 76.3764 25.1775 133.207
internal_count=3069 1939 1130 427 703 244 665 473 1137 857 360 162 183 192 280 497 82 162
is_linear=0
shrinkage=0.00188856


Tree=24
num_leaves=21
num_cat=0
split_feature=18 13 19 23 18 8 2 13 23 0 23 17 11 18 0 23 19 23 23 16
split_gain=328.249 77.3568 25.7942 19.8702 18.9428 20.2928 16.071 15.5858 11.9337 8.69177 8.78107 8.59014 8.52957 8.25144 7.40796 7.1863 5.46995 5.096 2.71637 2.53206
threshold=9.5000000000000018 1.0000000180025095e-35 103.35000000000001 109.25000000000001 6.5000000000000009 2.5000000000000004 6.5000000000000009 0.36666666666666675 108.25000000000001 1750.0000000000002 108.55000000000001 30.337500000000002 0.13188405797101446 11.500000000000002 1600.0000000000002 124.65000000000002 71.950000000000017 160.85000000000005 90.050000000000011 12.500000000000002
decision_type=2 2 2 2 2 2 2 2 2 2 2 2 2 2 2 2 2 2 2 2
left_child=1 4 7 13 17 8 16 9 -6 10 -2 -11 -9 18 -15 -7 -3 19 -4 -1
right_child=2 6 3 -5 5 15 -8 12 -10 11 -12 -13 -14 14 -16 -17 -18 -19 -20 -21
leaf_value=-0.0019754610963833353 0.00052271165805966647 -0.0030967288256547984 -0.00077872656007466035 0.0019347996708990952 -0.00029680199022408818 -0.001238712496366653 0.00039171998461275516 -0.0016585652183732265 0.0012329505087932658 0.00090848284709911975 0.0016754246165937307 -0.00052824175856951193 0.00065811105939952552 0.0013012154760455809 0.00010889811030703538 0.00012899560667946469 4.5358297146931452e-05 -4.5840681428769804e-06 0.00030026096111570661 -0.0010243056737264324
leaf_weight=42.81368750333786 97.098744988441467 85.054635533131659 9.2836675643920916 128.62239583581686 32.492746660485864 58.512638295069337 3.0583045519888392 12.303818354383109 28.463427532464266 17.182612679898739 33.763500589877367 35.270988076925278 3.4217404723167411 74.062589444220066 29.029840048402548 13.906230621039866 0.99495276063680549 10.615757081657646 11.119159061461685 62.385164439678192
leaf_count=314 235 830 24 165 139 297 11 53 84 32 51 118 6 109 74 54 3 47 30 393
internal_value=-3.55657e-05 -0.00142963 0.00101189 0.00141154 -0.000844334 -0.00032251 -0.00289618 0.000472743 0.000444055 0.00063957 0.000890146 0 -0.00105077 0.000791997 0.00100207 -0.00096933 -0.00304537 -0.00138896 -0.000205628 -0.00150892
internal_weight=789.457 338.298 451.159 252.118 249.19 133.375 89.1079 199.041 60.9562 183.316 130.862 52.4536 15.7256 123.495 103.092 72.4189 86.0496 115.815 20.4028 105.199
internal_count=3069 2172 897 402 1328 574 844 495 223 436 286 150 59 237 183 351 833 754 54 707
is_linear=0
shrinkage=0.00188856


Tree=25
num_leaves=21
num_cat=0
split_feature=18 13 23 0 0 23 23 23 23 18 18 23 10 10 23 23 23 23 16 10
split_gain=317.974 68.1954 32.5079 38.5826 30.4166 26.2758 23.4501 23.0039 16.777 14.8818 12.7859 9.19062 8.76928 7.45934 5.58071 6.53545 4.76326 3.17048 2.71296 2.21344
threshold=8.5000000000000018 1.0000000180025095e-35 108.55000000000001 1600.0000000000002 1750.0000000000002 122.05000000000001 107.45000000000002 70.750000000000014 119.55000000000001 9.5000000000000018 6.5000000000000009 60.45000000000001 0.21182053494391712 0.094588550983899775 67.500000000000014 108.55000000000001 160.85000000000005 60.350000000000001 12.500000000000002 0.27126436781609192
decision_type=2 2 2 2 2 2 2 2 2 2 2 2 2 2 2 2 2 2 2 2
left_child=1 10 3 7 19 8 -5 11 -6 -9 16 -2 -7 -8 17 -16 18 -12 -1 -4
right_child=2 -3 4 6 5 12 13 9 -10 -11 14 -13 -14 -15 15 -17 -18 -19 -20 -21
leaf_value=-0.0019699793469958138 -0.0012675707468805105 -0.0030880004564911153 0.002116678185685237 -0.0021229983138191357 0.00031082700068289613 0.0015134792169157333 0.0013168929800350102 -0.0005138192840653499 -0.0018896471644467823 0.0015473912695509566 -0.00041886514203321189 0.00028396024225801496 0.00020774546291662404 -0.00033610382329838219 -0.0011461695530560342 0 -2.4399832479368014e-05 0.0010309898109213125 -0.0010081688418930928 0.00021580990362600122
leaf_weight=42.40358716621995 10.425178594887255 79.923242529854178 104.08755759522319 23.888727765530348 29.00732109695673 74.192073807120323 6.7205765321850768 10.255997594445942 13.169087819755076 97.950229555368423 2.6827213987708083 73.480433575809002 29.808087699115276 34.916443295776844 28.866408511996269 35.899400092661381 10.645047219470142 9.4433271661400777 62.02864308282733 5.3139197081327429
leaf_count=314 41 812 138 112 74 142 8 40 43 155 14 182 83 94 180 159 47 27 393 11
internal_value=-3.26602e-05 -0.0016645 0.000838525 0.00034574 0.00131091 0.000688685 -0.000845166 0.000771919 -0.000498182 0.00132368 -0.000989629 4.78381e-06 0.00118302 3.48455e-05 -0.000333054 -0.000563669 -0.00137917 0.000604401 -0.00149641 0.00205186
internal_weight=785.108 271.892 513.216 257.638 255.578 146.177 65.5257 192.112 42.1764 108.206 191.969 83.9056 104 41.637 76.8919 64.7658 115.077 12.126 104.432 109.401
internal_count=3069 1946 1123 632 491 342 214 418 117 195 1134 223 225 102 380 339 754 41 707 149
is_linear=0
shrinkage=0.00188856


Tree=26
num_leaves=21
num_cat=0
split_feature=18 18 13 23 0 23 23 0 23 23 0 23 16 23 23 0 23 23 16 23
split_gain=318.512 47.1337 41.6743 22.5128 33.4406 22.0201 19.854 14.8676 16.489 10.3641 21.5582 16.4273 9.14491 8.929 7.81665 6.01199 6.60113 4.50714 3.9397 3.21162
threshold=7.5000000000000009 9.5000000000000018 0.36666666666666675 108.55000000000001 1600.0000000000002 70.750000000000014 107.45000000000002 1750.0000000000002 122.05000000000001 108.25000000000001 1750.0000000000002 62.45000000000001 13.500000000000002 108.25000000000001 60.350000000000001 1750.0000000000002 108.65000000000002 110.05000000000001 12.500000000000002 109.45000000000002
decision_type=2 2 2 2 2 2 2 2 2 2 2 2 2 2 2 2 2 2 2 2
left_child=2 9 13 4 5 -3 -6 17 -9 11 18 14 -12 -1 -2 19 -17 -5 -11 -15
right_child=1 3 -4 7 6 -7 -8 8 -10 10 12 -13 -14 15 -16 16 -18 -19 -20 -21
leaf_value=-0.0017140855881235403 -0.00077325955784836981 0.00011897792686396959 -0.0031573012175916807 0.0011940116615621395 -0.0019838379184461503 0.001509404439153564 0.00015828712181534813 -0.00015356466026280767 0.0013059752564452719 -1.6332886574895497e-05 -0.0015712824606542314 -0.0015105179499556626 0.00014654236878695328 -0.00048830839465408536 0.0012592855440575438 0.00065690324557345742 -0.0011928122909169311 0.0024623829084013211 0.0017059464353840904 0.000677412002832394
leaf_weight=83.631702275946736 5.2581171765923527 71.877047084271908 66.222928363829851 44.713482834398746 18.676482368260622 98.501591149717569 36.488247148692608 34.782809756696224 91.175048975273967 3.8458015918731716 15.031454619020222 38.563347939401865 18.756707541644573 9.826596815139057 11.037110157310961 3.0653073340654364 48.246854782104492 52.096633963286877 19.261394649744034 11.331073712557552
leaf_count=581 25 177 710 68 88 155 82 87 182 16 75 215 71 54 24 8 306 58 40 47
internal_value=-3.26682e-05 0.000725363 -0.00191701 0.000997062 0.000544647 0.000954329 -0.000668474 0.00142305 0.000904177 -0.000348565 0.000193735 -0.000896558 -0.000705771 -0.00128541 0.000512211 -0.000680685 -0.001002 0.0019932 0.00142925 9.87388e-05
internal_weight=782.39 560.065 222.324 448.311 225.543 170.379 55.1647 222.768 125.958 111.754 56.8954 54.8586 33.7882 156.102 16.2952 72.4698 51.3122 96.8101 23.1072 21.1577
internal_count=3069 1363 1706 897 502 332 170 395 269 466 202 264 146 996 49 415 314 126 56 101
is_linear=0
shrinkage=0.00188856


end of trees

feature_importances:
Column_23=182
Column_19=69
Column_18=65
Column_13=56
Column_0=27
Column_16=20
Column_17=16
Column_11=12
Column_10=9
Column_9=8
Column_2=5
Column_1=2
Column_8=1
Column_15=1

parameters:
[boosting: gbdt]
[objective: lambdarank]
[metric: ndcg]
[tree_learner: serial]
[device_type: cpu]
[data_sample_strategy: bagging]
[data: ]
[valid: ]
[num_iterations: 500]
[learning_rate: 0.00188856]
[num_leaves: 73]
[num_threads: 0]
[seed: 0]
[deterministic: 0]
[force_col_wise: 0]
[force_row_wise: 0]
[histogram_pool_size: -1]
[max_depth: 5]
[min_data_in_leaf: 6]
[min_sum_hessian_in_leaf: 0.001]
[bagging_fraction: 0.898896]
[pos_bagging_fraction: 1]
[neg_bagging_fraction: 1]
[bagging_freq: 6]
[bagging_seed: 3]
[bagging_by_query: 0]
[feature_fraction: 0.914113]
[feature_fraction_bynode: 1]
[feature_fraction_seed: 2]
[extra_trees: 0]
[extra_seed: 6]
[early_stopping_round: 0]
[early_stopping_min_delta: 0]
[first_metric_only: 0]
[max_delta_step: 0]
[lambda_l1: 0.704]
[lambda_l2: 5.98945]
[linear_lambda: 0]
[min_gain_to_split: 2.13472]
[drop_rate: 0.1]
[max_drop: 50]
[skip_drop: 0.5]
[xgboost_dart_mode: 0]
[uniform_drop: 0]
[drop_seed: 4]
[top_rate: 0.2]
[other_rate: 0.1]
[min_data_per_group: 100]
[max_cat_threshold: 32]
[cat_l2: 10]
[cat_smooth: 10]
[max_cat_to_onehot: 4]
[top_k: 20]
[monotone_constraints: ]
[monotone_constraints_method: basic]
[monotone_penalty: 0]
[feature_contri: ]
[forcedsplits_filename: ]
[refit_decay_rate: 0.9]
[cegb_tradeoff: 1]
[cegb_penalty_split: 0]
[cegb_penalty_feature_lazy: ]
[cegb_penalty_feature_coupled: ]
[path_smooth: 0]
[interaction_constraints: ]
[verbosity: -1]
[saved_feature_importance_type: 0]
[use_quantized_grad: 0]
[num_grad_quant_bins: 4]
[quant_train_renew_leaf: 0]
[stochastic_rounding: 1]
[linear_tree: 0]
[max_bin: 255]
[max_bin_by_feature: ]
[min_data_in_bin: 3]
[bin_construct_sample_cnt: 200000]
[data_random_seed: 1]
[is_enable_sparse: 1]
[enable_bundle: 1]
[use_missing: 1]
[zero_as_missing: 0]
[feature_pre_filter: 1]
[pre_partition: 0]
[two_round: 0]
[header: 0]
[label_column: ]
[weight_column: ]
[group_column: ]
[ignore_column: ]
[categorical_feature: ]
[forcedbins_filename: ]
[precise_float_parser: 0]
[parser_config_file: ]
[objective_seed: 5]
[num_class: 1]
[is_unbalance: 0]
[scale_pos_weight: 1]
[sigmoid: 1]
[boost_from_average: 1]
[reg_sqrt: 0]
[alpha: 0.9]
[fair_c: 1]
[poisson_max_delta_step: 0.7]
[tweedie_variance_power: 1.5]
[lambdarank_truncation_level: 30]
[lambdarank_norm: 1]
[label_gain: ]
[lambdarank_position_bias_regularization: 0]
[eval_at: 1,3,5]
[multi_error_top_k: 1]
[auc_mu_weights: ]
[num_machines: 1]
[local_listen_port: 12400]
[time_out: 120]
[machine_list_filename: ]
[machines: ]
[gpu_platform_id: -1]
[gpu_device_id: -1]
[gpu_use_dp: 0]
[num_gpu: 1]

end of parameters

pandas_categorical:null
