tree
version=v4
num_class=1
num_tree_per_iteration=1
label_index=0
max_feature_idx=23
objective=lambdarank
feature_names=Column_0 Column_1 Column_2 Column_3 Column_4 Column_5 Column_6 Column_7 Column_8 Column_9 Column_10 Column_11 Column_12 Column_13 Column_14 Column_15 Column_16 Column_17 Column_18 Column_19 Column_20 Column_21 Column_22 Column_23
feature_infos=[1000:2600] [48:59] [2:11] [0:1] [0:2] [0:2] [0:2] [0:3] [0:5] [0:0.5] [0:0.6470588235294118] [0:0.5] [0:1] [0:1] [0:1] [1:5] [5:16] [12.48:127.28571428571428] [1:16] [1.2:531] [2016:2023] none [5:6] [57.5:179.90000000000001]
tree_sizes=1402 3385

Tree=0
num_leaves=12
num_cat=0
split_feature=18 13 13 16 23 19 23 23 23 23 23
split_gain=132.825 40.6623 14.6781 5.34553 5.79512 4.90524 4.17543 4.049 2.45075 2.26633 1.91506
threshold=8.5000000000000018 1.0000000180025095e-35 0.45000000000000007 12.500000000000002 108.25000000000001 60.45000000000001 119.50000000000001 164.75000000000003 122.65000000000002 89.750000000000014 70.350000000000009
decision_type=2 2 2 2 2 2 2 2 2 2 2
left_child=1 3 5 -1 9 10 -6 -3 -4 -5 -2
right_child=2 7 8 4 6 -7 -8 -9 -10 -11 -12
leaf_value=-0.00061763020306779585 -2.5002452208343727e-05 -0.0017176175516064637 -0.00058970602736390634 0 0.00062486320906944743 0.0012110931576203273 -0.00011491126277135147 0 0.00019067154149011054 -0.00061948492098882449 0.00052817884111302441
leaf_weight=30.980225693667307 6.2053173240274182 47.86569110036362 6.6885214806534332 10.336675413651394 17.721062019467357 78.403734588879161 13.348658938426523 0.57303572539240022 2.2833349062129855 14.761878687888382 27.307342216139659
leaf_count=524 97 896 104 136 170 690 179 2 14 218 314
internal_value=-1.23705e-05 -0.000841805 0.00090165 -0.00026228 0 0.00102486 0.000312653 -0.0016759 -0.000312499 -0.000396391 0.000406994
internal_weight=256.475 135.587 120.888 87.1485 56.1683 111.916 31.0697 48.4387 8.97186 25.0986 33.5127
internal_count=3344 2125 1219 1227 703 1101 349 898 118 354 411
is_linear=0
shrinkage=0.00124659


Tree=1
num_leaves=31
num_cat=0
split_feature=19 13 19 18 13 23 23 17 23 16 17 23 23 23 23 16 16 17 23 23 23 23 19 19 19 23 11 23 9 19
split_gain=850.2 207.593 55.6524 29.9664 25.4809 14.7293 14.5561 12.2696 11.9253 11.1452 21.6145 12.0834 11.1278 47.3411 12.9038 12.8374 10.8577 9.84972 7.4577 6.99702 6.98158 5.08388 4.63612 4.59919 4.58008 3.49387 3.33064 2.85391 1.9531 1.74835
threshold=38.45000000000001 1.0000000180025095e-35 62.800000000000004 6.5000000000000009 0.45000000000000007 106.35000000000001 164.05000000000004 65.08750000000002 108.55000000000001 12.500000000000002 45.547355769230784 108.45000000000002 109.25000000000001 103.35000000000001 107.45000000000002 9.5000000000000018 10.500000000000002 39.942857142857157 60.650000000000013 103.35000000000001 155.75000000000003 122.65000000000002 40.650000000000013 18.450000000000003 40.350000000000001 121.85000000000001 0.084219858156028365 110.25000000000001 0.012896825396825353 60.45000000000001
decision_type=2 2 2 2 2 2 2 2 2 2 2 2 2 2 2 2 2 2 2 2 2 2 2 2 2 2 2 2 2 2
left_child=1 3 5 9 12 24 -3 16 19 -1 11 -11 13 18 -15 -14 -7 25 -4 23 -17 26 -9 -5 -2 -10 -6 -19 -18 -26
right_child=2 6 4 8 21 7 -8 22 17 10 -12 -13 15 14 -16 20 28 27 -20 -21 -22 -23 -24 -25 29 -27 -28 -29 -30 -31
leaf_value=-0.0012473627421669136 0.00029014462993910559 -0.0021539782384014305 0 -0.00067132969492536456 -0.00088832798919099675 -0.0004143761986686437 8.8386881340251218e-05 0.00027349269336035819 0.00093803581194334105 -0.00049485569045640016 -0.00098986311508119382 0.00046786566944225248 0 -0.00043741714095285914 0.00048431724762571665 0.0016178077899486765 0 -0.00056990266594582936 0.0014101945539300303 -0.00085503220238372396 0.00067118038873974716 0.00040735032007372122 -0.00076864259852660397 0.00011585674727882303 -0.00067766783549390818 0 5.5133427668528082e-05 5.7288860401831519e-05 0.00095859999053807569 0
leaf_weight=65.544264689087868 4.706551067531108 201.68911345861852 7.2431747242808333 6.7728711627423754 7.547748411074279 5.2930911481380454 2.7556416653096667 3.3517123460769644 22.496767368167639 31.982602201402187 66.963754627853632 33.171335123479366 8.4565288908779603 26.826175626367331 62.82620207965374 195.71767211705446 3.5216221194714299 7.6491065844893447 144.44626232609153 23.268225379288197 35.843072719871998 4.265570990741252 8.5463033467531186 40.992490261793137 27.600994799286127 9.9178523588925582 3.8848956152796745 25.983615905046463 47.702220622450113 5.7566459327936164
leaf_count=334 13 932 20 40 32 24 8 6 52 114 268 91 29 61 100 223 15 33 209 103 64 7 36 143 121 41 8 95 111 11
internal_value=-1.5643e-05 -0.00114563 0.000993359 -0.000514207 0.00116669 0.000147242 -0.00211502 0.000483027 -4.88892e-05 -0.00081578 -0.000533122 0 0.0012179 0.00094176 0.000181088 0.00145088 0.000720891 0.000302942 0.00135123 -0.000391223 0.00150422 -0.000226322 -0.000412923 -5.05784e-05 -0.000405207 0.000727428 -0.000604696 -0.000133495 0.000901623 -0.000573972
internal_weight=1142.72 539.188 603.536 334.743 497.057 106.479 204.445 68.4149 137.081 197.662 132.118 65.1539 481.359 241.342 89.6524 240.017 56.5169 66.0473 151.689 71.0336 231.561 15.6982 11.898 47.7654 38.0642 32.4146 11.4326 33.6327 51.2238 33.3576
internal_count=3344 2254 1090 1314 753 337 940 192 507 807 473 205 706 390 161 316 150 221 229 286 287 47 42 183 145 93 40 128 126 132
is_linear=0
shrinkage=0.00124659


end of trees

feature_importances:
Column_23=19
Column_19=7
Column_13=4
Column_16=4
Column_17=3
Column_18=2
Column_9=1
Column_11=1

parameters:
[boosting: gbdt]
[objective: lambdarank]
[metric: ndcg]
[tree_learner: serial]
[device_type: cpu]
[data_sample_strategy: bagging]
[data: ]
[valid: ]
[num_iterations: 500]
[learning_rate: 0.00124659]
[num_leaves: 94]
[num_threads: 0]
[seed: 0]
[deterministic: 0]
[force_col_wise: 0]
[force_row_wise: 0]
[histogram_pool_size: -1]
[max_depth: 6]
[min_data_in_leaf: 10]
[min_sum_hessian_in_leaf: 0.001]
[bagging_fraction: 0.975122]
[pos_bagging_fraction: 1]
[neg_bagging_fraction: 1]
[bagging_freq: 6]
[bagging_seed: 3]
[bagging_by_query: 0]
[feature_fraction: 0.856634]
[feature_fraction_bynode: 1]
[feature_fraction_seed: 2]
[extra_trees: 0]
[extra_seed: 6]
[early_stopping_round: 0]
[early_stopping_min_delta: 0]
[first_metric_only: 0]
[max_delta_step: 0]
[lambda_l1: 1.11716]
[lambda_l2: 7.94416]
[linear_lambda: 0]
[min_gain_to_split: 1.65397]
[drop_rate: 0.1]
[max_drop: 50]
[skip_drop: 0.5]
[xgboost_dart_mode: 0]
[uniform_drop: 0]
[drop_seed: 4]
[top_rate: 0.2]
[other_rate: 0.1]
[min_data_per_group: 100]
[max_cat_threshold: 32]
[cat_l2: 10]
[cat_smooth: 10]
[max_cat_to_onehot: 4]
[top_k: 20]
[monotone_constraints: ]
[monotone_constraints_method: basic]
[monotone_penalty: 0]
[feature_contri: ]
[forcedsplits_filename: ]
[refit_decay_rate: 0.9]
[cegb_tradeoff: 1]
[cegb_penalty_split: 0]
[cegb_penalty_feature_lazy: ]
[cegb_penalty_feature_coupled: ]
[path_smooth: 0]
[interaction_constraints: ]
[verbosity: -1]
[saved_feature_importance_type: 0]
[use_quantized_grad: 0]
[num_grad_quant_bins: 4]
[quant_train_renew_leaf: 0]
[stochastic_rounding: 1]
[linear_tree: 0]
[max_bin: 255]
[max_bin_by_feature: ]
[min_data_in_bin: 3]
[bin_construct_sample_cnt: 200000]
[data_random_seed: 1]
[is_enable_sparse: 1]
[enable_bundle: 1]
[use_missing: 1]
[zero_as_missing: 0]
[feature_pre_filter: 1]
[pre_partition: 0]
[two_round: 0]
[header: 0]
[label_column: ]
[weight_column: ]
[group_column: ]
[ignore_column: ]
[categorical_feature: ]
[forcedbins_filename: ]
[precise_float_parser: 0]
[parser_config_file: ]
[objective_seed: 5]
[num_class: 1]
[is_unbalance: 0]
[scale_pos_weight: 1]
[sigmoid: 1]
[boost_from_average: 1]
[reg_sqrt: 0]
[alpha: 0.9]
[fair_c: 1]
[poisson_max_delta_step: 0.7]
[tweedie_variance_power: 1.5]
[lambdarank_truncation_level: 30]
[lambdarank_norm: 1]
[label_gain: ]
[lambdarank_position_bias_regularization: 0]
[eval_at: 1,3,5]
[multi_error_top_k: 1]
[auc_mu_weights: ]
[num_machines: 1]
[local_listen_port: 12400]
[time_out: 120]
[machine_list_filename: ]
[machines: ]
[gpu_platform_id: -1]
[gpu_device_id: -1]
[gpu_use_dp: 0]
[num_gpu: 1]

end of parameters

pandas_categorical:null
