tree
version=v4
num_class=1
num_tree_per_iteration=1
label_index=0
max_feature_idx=23
objective=lambdarank
feature_names=Column_0 Column_1 Column_2 Column_3 Column_4 Column_5 Column_6 Column_7 Column_8 Column_9 Column_10 Column_11 Column_12 Column_13 Column_14 Column_15 Column_16 Column_17 Column_18 Column_19 Column_20 Column_21 Column_22 Column_23
feature_infos=[1000:2600] [48:59] [2:11] [0:1] [0:2] [0:2] [0:2] [0:3] [0:5] [0:0.5] [0:0.6470588235294118] [0:0.5] [0:1] [0:1] [0:1] [1:5] [5:16] [12.48:127.28571428571428] [1:16] [1.2:531] [2016:2023] none [5:6] [57.5:179.90000000000001]
tree_sizes=3403 3383 3393 3398 3399

Tree=0
num_leaves=31
num_cat=0
split_feature=18 19 19 2 15 16 14 10 3 20 11 19 11 11 10 8 12 10 16 20 19 19 19 10 2 11 10 10 0 11
split_gain=118.52 16.328 16.0783 8.73503 6.71456 6.0387 5.3848 4.70184 5.13976 4.68629 4.60261 4.45904 4.45322 5.58466 3.7706 3.63165 3.5998 3.39895 2.90731 2.77968 2.76612 2.68175 2.2454 1.85881 2.4431 2.24022 1.77372 1.8444 1.71567 1.48626
threshold=8.5000000000000018 8.1500000000000004 45.550000000000004 2.5000000000000004 1.5000000000000002 11.500000000000002 0.58333333333333337 0.39231927710843378 1.0000000180025095e-35 2022.5000000000002 0.024725274725274703 188.10000000000002 0.043055555555555507 0.15139116202945987 0.25873937103522743 3.5000000000000004 0.22500000000000003 0.11834733893557421 10.500000000000002 2021.5000000000002 23.050000000000004 5.6500000000000012 41.350000000000001 0.25873937103522743 4.5000000000000009 0.071067821067821071 0.07032115171650051 0.10070850202429146 1750.0000000000002 0.022321428571428555
decision_type=2 2 2 2 2 2 2 2 2 2 2 2 2 2 2 2 2 2 2 2 2 2 2 2 2 2 2 2 2 2
left_child=1 5 16 -3 9 -1 7 17 19 18 -11 26 15 28 -12 -6 22 -7 -5 -9 -20 -10 23 24 25 -2 -4 -28 -14 -13
right_child=2 3 11 4 12 6 -8 8 21 10 14 29 13 -15 -16 -17 -18 -19 20 -21 -22 -23 -24 -25 -26 -27 27 -29 -30 -31
leaf_value=-0.092350252308104119 0.025949973046316507 -0.062042532449086307 0.0042306761727019448 -0.043584941508667957 0.034114709376772884 0.0097811821780580607 -0.10000000000000001 -0.02589207146758157 -0.068223310660071979 0.031572710188366181 -0.083766697309987412 0.045758181017280908 -0.080734537686926788 0.026748876509005062 -0.015914717574505587 -0.052107271261777888 -0.077287044530613302 -0.061720715502985739 0.0073635544273180677 0.047344925118114639 0.045206358542759048 0.0027973015126007295 -0.037588083345395665 0.032439589729958272 -0.051451539680300508 -0.040238183472742294 0.076104833912902653 0.042324421394661603 -0.035906752376463846 0.077380040342629672
leaf_weight=9.8664355818182212 5.793765865266332 9.7807869894895685 2.8057471080683163 2.0031050443649319 3.3106358535587814 1.8193741664290453 4.4466553931124499 2.0992486891336721 4.4168142783455551 2.7373537421226493 3.4017156092450005 4.8495868649333742 7.1716093352297303 1.8627251517027605 5.1432449845597148 1.935095901135355 1.3969644648022939 19.223867068998516 15.320741509553047 3.3843568814918399 7.0513145034201434 1.9014051919803021 2.5649695354513815 6.9025659258477381 1.9564410778693853 1.6403603842481969 4.3840298205614081 51.610836722771637 3.0388320535421371 15.89480516174808
leaf_count=198 76 196 30 29 39 25 91 42 73 23 48 44 112 15 50 30 19 321 252 19 97 20 41 76 37 26 25 542 57 98
internal_value=0.000482536 -0.0353344 0.0399296 -0.018629 -0.0106138 -0.0575655 -0.0483623 -0.0413714 -0.0161104 0.00179194 -0.0248511 0.0500567 -0.0361557 -0.0528681 -0.0429263 0.00230832 0.000158869 -0.0555387 0.014124 0.0193081 0.019291 -0.0468504 0.00589588 0.0127414 -0.0017378 0.0113454 0.0430253 0.0449692 -0.0673929 0.0699875
internal_weight=209.715 109.915 99.8001 62.7572 52.9764 47.1582 37.2917 32.8451 11.8018 35.6575 11.2823 79.545 17.3189 12.0732 8.54496 5.24573 20.2551 21.0432 24.3752 5.48361 22.3721 6.31822 18.8581 16.2931 9.39057 7.43413 58.8006 55.9949 10.2104 20.7444
internal_count=2751 1737 1014 948 752 789 591 500 154 499 121 739 253 184 98 69 275 346 378 61 349 93 256 215 139 102 597 567 169 142
is_linear=0
shrinkage=0.05


Tree=1
num_leaves=31
num_cat=0
split_feature=13 18 23 0 23 13 11 18 23 23 0 9 23 0 23 16 18 23 2 17 10 23 23 23 18 11 23 2 9 10
split_gain=210.522 97.4333 38.7851 49.3819 43.5365 23.5983 17.5881 22.8649 16.2943 21.4166 20.5941 14.1237 13.2904 12.0579 16.4791 17.9796 10.3683 12.4803 10.3199 8.48194 8.64266 8.43172 35.8305 7.78978 7.16084 6.81556 6.24616 5.9067 8.46942 5.47426
threshold=0.70833333333333337 11.500000000000002 108.55000000000001 1750.0000000000002 163.15000000000001 0.36666666666666675 0.06030303030303031 4.5000000000000009 109.25000000000001 105.95000000000002 2200.0000000000005 0.029513888888888853 107.45000000000002 1600.0000000000002 92.550000000000011 11.500000000000002 13.500000000000002 70.350000000000009 3.5000000000000004 39.132967032967038 0.17846085802742148 122.65000000000002 114.7 161.65000000000001 10.500000000000002 0.025978407557354904 110.65000000000002 3.5000000000000004 0.10404971932638325 0.29669386002576215
decision_type=2 2 2 2 2 2 2 2 2 2 2 2 2 2 2 2 2 2 2 2 2 2 2 2 2 2 2 2 2 2
left_child=1 2 5 11 6 13 23 -8 9 16 21 -4 -11 14 15 -1 19 -18 -14 -3 -21 22 26 -5 29 -7 -10 28 -13 -15
right_child=-2 8 3 4 -6 25 7 -9 10 12 -12 27 18 24 -16 -17 17 -19 -20 20 -22 -23 -24 -25 -26 -27 -28 -29 -30 -31
leaf_value=-0.054237121263895044 -0.096534346492452072 -0.020103061361001845 -0.025778493263522093 -0.060307039922286115 0.060342506306185456 -0.011703738651873226 -0.076063463911469134 0.0073188164705767335 0.044190703256391746 -0.054110652644406967 -0.0058432047862915868 0.025435394511348609 -0.017420192056760403 -0.052749625115081945 0.067341952547278747 -0.00080489041100527425 0.01413811612058772 0.068640356183931633 0.037619036675698367 0.051748103137370584 0.00016049090143775027 0.072004935352183067 -0.033822411579287781 0.01303248308596977 0.0010326185535016992 -0.076403514076301568 0.079980309889694373 0.07617083671401069 0.067202191429736921 -0.014768698953990462
leaf_weight=19.304786397144198 50.97167116496712 11.179172754287718 7.1722187809646121 32.789108721539378 17.61616175621748 4.9502616953104761 10.02601665817201 45.685090187005699 24.483016327023506 11.240352055057881 16.268705621361732 34.20169588830322 18.039207896217704 34.249606953933835 7.2393683958798638 85.353577046655118 15.500419199466704 32.582069866359234 16.133769348263741 19.451067693531513 13.935632210224865 41.778906717896461 12.191778946667908 4.0701036378741255 11.985455945134161 22.90041886176914 24.281792372465134 14.602875098586081 18.814462400041521 13.121881704777477
leaf_count=117 477 33 31 181 54 27 116 200 33 32 33 106 38 205 24 410 29 42 26 34 27 58 26 24 34 170 31 18 47 68
internal_value=0.00126664 0.00904186 -0.00690421 0.00958013 -0.011704 -0.0222189 -0.0254144 -0.00768703 0.032867 0.0211798 0.0464257 0.040937 -0.00694801 -0.0152772 -0.00561426 -0.0106607 0.0349671 0.0510704 0.00856497 0.0175932 0.0302154 0.0547028 0.0428441 -0.0522087 -0.0334935 -0.0649036 0.0620117 0.0480134 0.0402577 -0.0422289
internal_weight=692.121 641.149 384.083 184.978 110.186 199.105 92.5703 55.7111 257.066 138.062 119.004 74.7913 45.4133 171.255 111.898 104.658 92.6484 48.0825 34.173 44.5659 33.3867 102.735 60.9566 36.8592 59.3569 27.8507 48.7648 67.619 53.0162 47.3715
internal_count=2751 2274 1832 777 575 1055 521 316 442 261 181 202 96 858 551 527 165 71 64 94 61 148 90 205 307 197 64 171 153 273
is_linear=0
shrinkage=0.05


Tree=2
num_leaves=31
num_cat=0
split_feature=18 18 13 13 1 16 0 15 16 9 17 9 6 20 9 9 20 20 0 15 9 18 18 6 9 17 20 10 9 13
split_gain=136.941 40.2519 38.6368 27.2984 19.9441 11.9191 12.8382 11.9753 11.3541 10.2299 9.6306 7.84128 16.3093 8.32215 8.11007 7.55523 8.38116 6.64423 8.0121 9.52637 6.31097 5.79343 5.79085 4.68263 3.21558 9.52697 3.06598 3.37892 2.60593 0.866229
threshold=6.5000000000000009 12.500000000000002 0.70833333333333337 0.63333333333333341 57.500000000000007 11.500000000000002 1900.0000000000002 1.5000000000000002 9.5000000000000018 0.048115079365079354 29.22310606060606 0.033520599250936305 1.5000000000000002 2021.5000000000002 0.038967611336032361 0.051064754454584908 2022.5000000000002 2021.5000000000002 1900.0000000000002 1.5000000000000002 0.045478036175710557 10.500000000000002 11.500000000000002 1.5000000000000002 0.099481987285142459 41.655714285714296 2019.0000000000002 0.25403225806451618 0.066081498999454216 0.29166666666666669
decision_type=2 2 2 2 2 2 2 2 2 2 2 2 2 2 2 2 2 2 2 2 2 2 2 2 2 2 2 2 2 2
left_child=2 3 4 8 5 26 7 10 28 20 -7 12 13 -3 -13 22 -17 18 19 -16 21 -10 -11 -9 25 -19 27 -1 -2 -28
right_child=1 11 -4 -5 -6 6 -8 23 9 15 -12 14 -14 -15 17 16 -18 24 -20 -21 -22 -23 -24 -25 -26 -27 29 -29 -30 -31
leaf_value=-0.081402616441453385 -0.07324411636560034 0.062729439807520021 -0.089964976391273821 -0.092335416718214602 0.041506192501576139 0.051515705805684459 -0.065366101681200814 -0.025271124516769009 -0.010354148100522778 0.02404732021359245 -0.011324586238106869 0.067714619098431891 -0.045824883689494639 0.0013181665237869463 0.020695846864822506 0.018517536501179103 -0.009609425677565191 0.06884904687539542 0.049489635121600484 -0.053966444108177726 -0.046878444627177177 0.012999524538493335 0.068473770837409006 -0.065473110088655612 0.063445252951147793 0.023594189917717737 -0.065855537755584129 0.011376532909575465 -0.015408080910360901 -0.089865446293509024
leaf_weight=1.6038047540932918 5.0609961338341218 12.532652869820597 29.179417693056166 7.0945069156587115 9.9653854332864267 6.9249457679688922 16.279091542586684 16.42392460256815 58.829951070249081 25.715035889297724 50.996148787438869 23.879026785492897 8.4511827640235442 9.8545349985361081 13.240967616438867 98.054616130888462 36.285864274948835 17.04192790389061 11.303086487576367 6.307509768754243 7.6289150752127162 48.407654657959938 10.262172840535639 12.958006689324977 16.098936498165131 36.618307664990425 14.686394590884449 2.5284160915762186 3.1659927405416965 5.0476990751922122
leaf_count=27 39 29 405 74 31 24 144 114 271 81 271 30 35 15 36 375 99 19 26 26 31 143 19 116 17 52 105 30 18 49
internal_value=0.00108324 0.0152614 -0.037711 0.00457921 -0.0266151 -0.0319416 -0.0246019 -0.0170008 0.00692254 0.00859312 -0.00381151 0.0359276 0.0133561 0.035697 0.041519 0.0163701 0.0109203 0.0353017 0.0159805 -0.00339468 -0.0029381 0.00018783 0.0367196 -0.043001 0.0438466 0.0379667 -0.0637963 -0.0246331 -0.0509871 -0.0719969
internal_weight=622.427 455.834 166.593 300.506 137.414 127.448 103.582 87.303 293.411 285.184 57.9211 155.328 30.8384 22.3872 124.49 170.318 134.34 100.611 30.8516 19.5485 114.867 107.238 35.9772 29.3819 69.7592 53.6602 23.8663 4.13222 8.22699 19.7341
internal_count=2751 1435 1316 1150 911 880 669 525 1076 1019 295 285 79 44 206 574 474 176 88 62 445 414 100 230 88 71 211 57 57 154
is_linear=0
shrinkage=0.05


Tree=3
num_leaves=31
num_cat=0
split_feature=19 13 2 19 2 17 1 16 9 9 18 22 10 13 17 11 16 8 9 19 19 1 10 19 11 20 19 11 0 17
split_gain=123.71 57.0568 30.2101 21.2997 15.5129 14.6619 13.1736 10.9629 8.74366 8.33902 12.793 8.18243 7.31003 6.95518 6.51086 8.28456 7.00892 6.27345 6.04068 6.03269 4.96296 5.92439 5.78812 4.67963 4.48382 4.0547 3.88677 3.76015 5.37828 3.39098
threshold=57.550000000000004 1.0000000180025095e-35 6.5000000000000009 220.45000000000002 2.5000000000000004 53.103125000000013 53.500000000000007 10.500000000000002 0.17515516611902152 0.03608470181503886 11.500000000000002 5.5000000000000009 0.12372448979591837 0.70833333333333337 82.19687500000002 1.0000000180025095e-35 14.500000000000002 3.5000000000000004 0.13484848484848483 5.9500000000000011 11.250000000000002 54.500000000000007 0.24893162393162391 13.250000000000002 0.13397435897435897 2022.5000000000002 111.95000000000002 0.038181818181818157 1600.0000000000002 27.859523809523811
decision_type=2 2 2 2 2 2 2 2 2 2 2 2 2 2 2 2 2 2 2 2 2 2 2 2 2 2 2 2 2 2
left_child=1 4 13 9 -1 7 17 -6 23 10 12 26 -2 18 15 -11 29 -5 27 -20 21 -9 -22 -7 -25 -18 -12 28 -3 -17
right_child=3 2 -4 6 5 8 -8 20 -10 14 11 -13 -14 -15 -16 16 25 -19 19 -21 22 -23 -24 24 -26 -27 -28 -29 -30 -31
leaf_value=-0.051209291436199102 -0.0004878858519276883 -0.093965036915820005 0.073043960279027681 -0.010074210349278422 -0.045290235212137875 -0.051677517933625086 0.067855036274518984 0.011260354226893379 0.024877392320735072 -0.024363454218717759 0.0055079830330262191 -0.027410258956495182 -0.066566452436740003 -0.086061041064885463 -0.012830677010806455 -0.01177056030480274 0.035858759079897919 0.046349716666050124 -0.063282184291932136 0.022882373238540324 0.0016403630998625533 -0.032744383753076298 0.025108763849851553 -0.027360332969600967 0.02457591896762977 0.071564956043449937 0.046178270781585408 -0.075377402883243419 -0.017694469204149965 0.024836412536328817
leaf_weight=19.840414363890886 7.8827509209513691 3.2571054287254793 4.0759477987885466 9.8989631086587906 10.515066554769872 18.559194608591497 40.476209662854671 15.821037027984859 7.9834419898688784 7.6993662230670443 9.1683938130736369 7.642123755067586 8.923312880098818 28.39734128350392 11.542172461748121 6.7541233301162711 22.821449435316026 9.8066212981939316 3.6683961544185859 4.5521853193640709 54.985569100826979 14.807129396125672 50.313850115984678 36.330198090523481 4.692493923008441 12.201840922236441 16.351751774549484 22.125676875002682 7.9603512044996023 99.82880761474371
leaf_count=180 35 25 8 21 71 126 64 91 33 31 31 25 46 458 26 28 48 20 38 20 271 112 167 188 24 10 35 218 48 253
internal_value=0.000659805 -0.0210255 -0.0592791 0.0252969 -0.00891431 -0.0049932 0.0515326 0.0038963 -0.0242605 0.0178073 -3.43573e-05 0.0179759 -0.0355728 -0.0669882 0.0233499 0.0261469 0.0288932 0.0180055 -0.0539572 -0.0155682 0.00770127 -0.0100137 0.012854 -0.0308446 -0.0214195 0.0482985 0.031567 -0.0634219 -0.0398404 0.0225166
internal_weight=578.883 307.885 74.037 270.998 233.848 214.008 60.1818 146.443 67.5653 210.816 49.9683 33.1623 16.8061 69.9611 160.848 149.306 141.606 19.7056 41.5637 8.22058 135.928 30.6282 105.299 59.5819 41.0227 35.0233 25.5201 33.3431 11.2175 106.583
internal_count=2751 2078 815 673 1263 1083 105 712 371 568 172 91 81 807 396 370 339 41 349 58 641 203 438 338 212 58 66 291 73 281
is_linear=0
shrinkage=0.05


Tree=4
num_leaves=31
num_cat=0
split_feature=19 13 23 13 23 23 23 23 23 2 17 2 17 23 17 2 19 19 17 23 19 23 11 18 11 8 23 19 11 17
split_gain=98.9379 42.3579 22.2017 16.3182 14.6407 15.8913 12.9759 12.9503 10.6123 11.2306 10.2727 10.2718 9.42114 8.36345 7.86824 9.2703 7.70019 7.41174 6.6422 6.10509 5.68833 5.50295 4.60049 6.54986 4.22686 3.75233 9.89613 3.01397 2.94821 3.48457
threshold=47.70000000000001 0.70833333333333337 164.35000000000005 1.0000000180025095e-35 109.35000000000001 105.95000000000002 60.650000000000013 107.45000000000002 60.250000000000007 2.5000000000000004 41.966071428571432 3.5000000000000004 37.424603174603185 108.45000000000002 43.921428571428571 4.5000000000000009 61.750000000000007 95.500000000000014 36.428125000000009 108.95000000000002 73.450000000000017 108.25000000000001 0.15139116202945987 3.5000000000000004 0.028219395866454656 3.5000000000000004 123.85000000000001 19.450000000000003 0.038181818181818157 47.027243589743591
decision_type=2 2 2 2 2 2 2 2 2 2 2 2 2 2 2 2 2 2 2 2 2 2 2 2 2 2 2 2 2 2
left_child=1 2 3 8 5 6 -2 -7 -1 27 12 19 -6 -11 -12 25 24 -13 -18 21 -20 -9 28 -24 -8 -16 -27 -10 29 -5
right_child=4 -3 -4 22 10 7 16 11 9 13 14 17 -14 -15 15 -17 18 -19 20 -21 -22 -23 23 -25 -26 26 -28 -29 -30 -31
leaf_value=-0.070051316569756883 -0.040740826452126344 -0.082490569679603609 0.062401733779453419 -0.014234167262737416 0.027361575547050838 -0.062483046580831009 0.01902157559305772 -0.0071064990337779063 -0.068426164032254058 -0.016927169184132444 0.074675313275771676 0.054739568057322358 -0.03335904177634616 0.0050226953661523816 0.053548424465174951 -0.013374712701548264 -0.0012690217213633804 -0.0090452236254929524 0.066942963761033689 0.017200938925121353 0.031211323975660551 -0.065005454127497739 -0.067580996302121429 0.024953514217521115 -0.051571257944150378 0.0045485584079622762 0.05457143321798108 -0.026449472562925416 -0.07127272223515517 -0.078818146642094522
leaf_weight=7.6391334291547528 7.5019076913595191 25.56934361718595 8.962609348818658 6.0791974011808652 19.91173824667931 10.052695512771605 4.072295814752577 7.6855797581374707 9.0297970231622475 88.289588838815689 15.210500895977018 10.974069349467756 9.4055933468043786 85.348951453343034 33.761102300137281 8.6690876930952054 12.599815212190149 7.7853244766592971 13.798534758388994 7.1852051317691794 57.773971762508154 8.8060604035854322 3.4024874530732623 4.3664770182222128 4.4242524169385433 18.791574582457542 20.865178119391203 8.123129843734203 17.604513609781861 3.1815572995692492
leaf_count=62 31 459 26 36 66 55 18 23 99 517 22 22 33 415 65 29 38 23 23 15 135 33 41 17 27 55 49 70 211 36
internal_value=0.000438138 -0.0212881 -0.0148222 -0.0177919 0.0212559 0.0108299 0.0225075 -0.0114556 -0.0122646 -0.00995085 0.0338265 0.000632209 0.00788117 -0.0061381 0.0416442 0.0355236 0.0276277 0.0282683 0.0322069 -0.0212641 0.0381001 -0.0380229 -0.0494598 -0.0155728 -0.0177369 0.0412975 0.0308678 -0.0485472 -0.0592594 -0.0364222
internal_weight=546.871 267.597 242.027 233.065 279.274 152.66 100.171 52.4889 198.431 190.791 126.615 42.4362 29.3173 173.639 97.2974 82.0869 92.6689 18.7594 84.1723 23.6768 71.5725 16.4916 34.6342 7.76896 8.49655 73.4179 39.6568 17.1529 26.8653 9.26075
internal_count=2751 1989 1530 1504 762 443 272 171 1163 1101 319 116 99 932 220 198 241 45 196 71 158 56 341 58 45 169 104 169 283 72
is_linear=0
shrinkage=0.05


end of trees

feature_importances:
Column_23=21
Column_19=17
Column_11=13
Column_9=12
Column_10=11
Column_17=11
Column_18=11
Column_2=9
Column_13=9
Column_0=7
Column_16=7
Column_20=7
Column_1=3
Column_8=3
Column_15=3
Column_6=2
Column_3=1
Column_12=1
Column_14=1
Column_22=1

parameters:
[boosting: gbdt]
[objective: lambdarank]
[metric: ndcg]
[tree_learner: serial]
[device_type: cpu]
[data_sample_strategy: bagging]
[data: ]
[valid: ]
[num_iterations: 500]
[learning_rate: 0.05]
[num_leaves: 31]
[num_threads: 0]
[seed: 0]
[deterministic: 0]
[force_col_wise: 0]
[force_row_wise: 0]
[histogram_pool_size: -1]
[max_depth: 7]
[min_data_in_leaf: 20]
[min_sum_hessian_in_leaf: 0.001]
[bagging_fraction: 0.8]
[pos_bagging_fraction: 1]
[neg_bagging_fraction: 1]
[bagging_freq: 5]
[bagging_seed: 3]
[bagging_by_query: 0]
[feature_fraction: 0.8]
[feature_fraction_bynode: 1]
[feature_fraction_seed: 2]
[extra_trees: 0]
[extra_seed: 6]
[early_stopping_round: 0]
[early_stopping_min_delta: 0]
[first_metric_only: 0]
[max_delta_step: 0]
[lambda_l1: 0]
[lambda_l2: 0]
[linear_lambda: 0]
[min_gain_to_split: 0]
[drop_rate: 0.1]
[max_drop: 50]
[skip_drop: 0.5]
[xgboost_dart_mode: 0]
[uniform_drop: 0]
[drop_seed: 4]
[top_rate: 0.2]
[other_rate: 0.1]
[min_data_per_group: 100]
[max_cat_threshold: 32]
[cat_l2: 10]
[cat_smooth: 10]
[max_cat_to_onehot: 4]
[top_k: 20]
[monotone_constraints: ]
[monotone_constraints_method: basic]
[monotone_penalty: 0]
[feature_contri: ]
[forcedsplits_filename: ]
[refit_decay_rate: 0.9]
[cegb_tradeoff: 1]
[cegb_penalty_split: 0]
[cegb_penalty_feature_lazy: ]
[cegb_penalty_feature_coupled: ]
[path_smooth: 0]
[interaction_constraints: ]
[verbosity: -1]
[saved_feature_importance_type: 0]
[use_quantized_grad: 0]
[num_grad_quant_bins: 4]
[quant_train_renew_leaf: 0]
[stochastic_rounding: 1]
[linear_tree: 0]
[max_bin: 255]
[max_bin_by_feature: ]
[min_data_in_bin: 3]
[bin_construct_sample_cnt: 200000]
[data_random_seed: 1]
[is_enable_sparse: 1]
[enable_bundle: 1]
[use_missing: 1]
[zero_as_missing: 0]
[feature_pre_filter: 1]
[pre_partition: 0]
[two_round: 0]
[header: 0]
[label_column: ]
[weight_column: ]
[group_column: ]
[ignore_column: ]
[categorical_feature: ]
[forcedbins_filename: ]
[precise_float_parser: 0]
[parser_config_file: ]
[objective_seed: 5]
[num_class: 1]
[is_unbalance: 0]
[scale_pos_weight: 1]
[sigmoid: 1]
[boost_from_average: 1]
[reg_sqrt: 0]
[alpha: 0.9]
[fair_c: 1]
[poisson_max_delta_step: 0.7]
[tweedie_variance_power: 1.5]
[lambdarank_truncation_level: 30]
[lambdarank_norm: 1]
[label_gain: ]
[lambdarank_position_bias_regularization: 0]
[eval_at: 1,3,5]
[multi_error_top_k: 1]
[auc_mu_weights: ]
[num_machines: 1]
[local_listen_port: 12400]
[time_out: 120]
[machine_list_filename: ]
[machines: ]
[gpu_platform_id: -1]
[gpu_device_id: -1]
[gpu_use_dp: 0]
[num_gpu: 1]

end of parameters

pandas_categorical:null
