tree
version=v4
num_class=1
num_tree_per_iteration=1
label_index=0
max_feature_idx=23
objective=lambdarank
feature_names=Column_0 Column_1 Column_2 Column_3 Column_4 Column_5 Column_6 Column_7 Column_8 Column_9 Column_10 Column_11 Column_12 Column_13 Column_14 Column_15 Column_16 Column_17 Column_18 Column_19 Column_20 Column_21 Column_22 Column_23
feature_infos=[1000:2600] [48:59] [2:11] [0:1] [0:2] [0:2] [0:2] [0:3] [0:5] [0:0.5] [0:1] [0:1] [0:1] [0:1] [0:1] [1:5] [5:16] [12.48:127.28571428571428] [1:16] [1.2:564.70000000000005] [2016:2023] none [5:6] [57.5:179.90000000000001]
tree_sizes=3392 3386 3395 3384 3387 3385 3382 3391 3416 3459 3409 3426 3391 3427 3397 3387 3401 3409 3404 3412 3421 3414 3389 3422 3402

Tree=0
num_leaves=31
num_cat=0
split_feature=18 19 14 16 16 19 11 19 15 11 0 11 2 2 10 10 1 16 20 8 10 20 7 6 1 11 19 11 11 0
split_gain=120.488 19.1709 8.35051 7.65672 6.21962 5.07275 4.48074 4.12471 4.02455 3.98326 3.2732 2.50245 3.2062 3.34362 2.75342 2.31596 2.20594 2.19407 1.95671 1.72311 1.6133 2.04303 1.54757 2.07498 1.52727 1.49384 1.42672 1.20227 1.19964 1.16875
threshold=6.5000000000000009 69.450000000000003 0.41666666666666669 11.500000000000002 10.500000000000002 16.350000000000005 0.12220381110190555 198.75000000000003 1.5000000000000002 0.16904761904761903 1900.0000000000002 0.022321428571428555 5.5000000000000009 2.5000000000000004 0.15894736842105264 0.12372448979591837 57.500000000000007 13.500000000000002 2021.5000000000002 3.5000000000000004 0.14511278195488717 2022.5000000000002 2.5000000000000004 1.5000000000000002 56.500000000000007 0.044949494949494906 16.150000000000002 0.040833333333333312 0.040833333333333312 1750.0000000000002
decision_type=2 2 2 2 2 2 2 2 2 2 2 2 2 2 2 2 2 2 2 2 2 2 2 2 2 2 2 2 2 2
left_child=2 4 3 28 -2 6 25 15 10 26 16 14 13 -13 18 22 19 -12 -7 -5 21 -9 23 -3 -16 -6 27 -10 -1 -11
right_child=1 7 -4 8 5 11 -8 20 9 29 17 12 -14 -15 24 -17 -18 -19 -20 -21 -22 -23 -24 -25 -26 -27 -28 -29 -30 -31
leaf_value=-0.042222264035049417 -0.062438724421380536 0.060566393603458314 -0.09179618818395241 -0.0084602551502676124 -0.018025581664264531 0.050780407189662362 0.032653779705648277 0.070250977095476383 -0.040501070042329432 -0.029632546417220157 0.0025503181982578799 -0.022505385271023793 -0.028027209887361505 0.03252672830631665 -0.032232319682784838 0.049415614089851206 0.032971858091490669 -0.066017885778979407 -0.0071323062542944203 -0.036297063866175282 0.08173570947533787 0.009836409447594098 -0.016673467560528059 0.0057366063203150774 0.018884903371660957 -0.087774566568196655 -0.013245554337807533 -0.072719830716170983 -0.078692353831516765 0.021492041895343712
leaf_weight=2.761098474264144 2.5729398396797469 3.3491358626633865 8.883887632749973 16.651001243386425 1.1609542230144136 3.5294475168921036 1.8359438758343456 4.3912088898941901 3.8718820116482737 2.5617794757708898 1.476260358467697 2.9476102548651388 2.6006884491071096 43.38775869179517 5.4794914850499481 33.779619176406413 2.3442613435909143 5.5629925611428916 2.4857863169163465 8.3454908092971873 12.643433582037686 2.0538926683366299 2.1025903532281518 3.5593567062169313 1.9926240546628831 2.2660165438428521 1.483404523693024 11.482160720974205 12.298085368704049 1.9833995960652826
leaf_count=57 45 32 213 252 18 50 17 48 67 31 33 56 40 482 77 321 15 80 27 133 72 19 31 38 23 38 23 172 226 15
internal_value=0.00244996 0.0317362 -0.0461017 -0.0403698 0.0138632 0.0167637 -0.0303777 0.0520297 -0.0318262 -0.0488588 -0.0212329 0.0207381 0.0259938 0.0290259 0.00166906 0.0434077 -0.0134047 -0.0516379 0.0268481 -0.017754 0.0713575 0.0509984 0.0208861 0.0323173 -0.0186007 -0.0641457 -0.0600711 -0.0645951 -0.0720056 -0.00732309
internal_weight=211.844 132.138 79.7057 70.8218 70.2593 67.6863 5.26291 61.8792 55.7626 21.3826 34.38 62.4234 48.9361 46.3354 13.4873 42.7907 27.3408 7.03925 6.01523 24.9965 19.0885 6.4451 9.01108 6.90849 7.47212 3.42697 16.8374 15.354 15.0592 4.54518
internal_count=2751 1434 1317 1104 873 828 73 561 821 308 513 755 578 538 177 422 400 113 77 385 139 67 101 70 100 56 262 239 283 46
is_linear=0
shrinkage=0.05


Tree=1
num_leaves=31
num_cat=0
split_feature=13 18 13 23 0 0 23 18 23 23 16 23 1 18 1 23 17 23 23 0 0 0 17 11 10 23 18 17 9 17
split_gain=258.704 81.1371 38.3608 20.7858 38.2614 20.2819 18.1558 17.6585 15.0523 14.0148 13.7578 14.9921 13.1501 12.908 12.8209 12.2259 11.113 10.9635 17.2995 13.3323 9.52211 9.18343 8.37841 8.22665 7.28678 7.02175 13.8058 5.98027 5.81071 5.69072
threshold=0.36666666666666675 8.5000000000000018 0.70833333333333337 109.05000000000001 1600.0000000000002 1750.0000000000002 93.250000000000014 12.500000000000002 108.35000000000001 60.550000000000004 9.5000000000000018 60.150000000000013 53.500000000000007 12.500000000000002 57.500000000000007 110.15000000000002 29.511111111111116 68.750000000000014 108.75000000000001 1750.0000000000002 1750.0000000000002 1100.0000000000002 50.382417582417588 0.11173533083645441 0.11834733893557421 107.55000000000001 11.500000000000002 53.22403846153847 0.050633812847172707 37.272222222222219
decision_type=2 2 2 2 2 2 2 2 2 2 2 2 2 2 2 2 2 2 2 2 2 2 2 2 2 2 2 2 2 2
left_child=1 10 7 4 6 15 9 8 16 29 -1 -12 24 23 20 27 -2 -13 22 -20 -10 -11 -19 28 -6 26 -14 -5 -7 -3
right_child=2 3 -4 5 12 13 -8 -9 14 21 11 17 25 -15 -16 -17 -18 18 19 -21 -22 -23 -24 -25 -26 -27 -28 -29 -30 -31
leaf_value=-0.062446529018261088 -0.012281193647409108 0.017278969348276645 -0.096769833338202549 0.062169753335543303 -0.00078685173017335676 0.0078310684082433576 0.086878433260553958 0.035881612809202018 0.043814598988766273 0.066817149260802164 -0.072853266896862598 0.029722129225210059 -0.064413180262833672 0.046105692319505703 0.073770215094616426 0.076419748007383437 -0.089490093532340872 -0.045276541432698027 0.041628395501397665 -0.007042344175618393 -0.05938248173939964 0.026708598631686894 -0.0099715750610550324 -0.028089509504475408 -0.067762502100766911 0.014833898585143061 0.017340384299732163 0.013625770647374217 0.039954677652711178 -0.051643890319761646
leaf_weight=12.674636004492639 6.0432143993675735 5.0711456183344108 56.364209061488509 10.835625857114794 5.8742315787822035 35.173610862344503 14.114019006490706 7.2151631712913504 2.9504847526550284 16.711676400154829 8.5263606486842018 20.058374309912324 9.9468594714999217 54.316415190696716 3.5374660827219477 46.890851590782404 20.369830602779984 33.793822957202792 20.666321316733956 44.085788300260901 9.2219122815877181 97.741405971348286 33.426880979910493 10.138744192197917 13.157100325450299 34.697325682267547 10.739614024758337 15.306613296270369 23.470986008644104 7.3148424029350281
leaf_count=120 27 23 507 22 15 99 16 12 18 34 56 65 43 88 5 67 153 245 92 256 74 231 199 27 41 84 26 33 50 23
internal_value=0.00339726 0.0164101 -0.0685885 0.0284947 0.0177708 0.0402703 0.0330835 -0.036394 -0.048774 0.0270975 -0.0122958 -0.00833684 -0.0112338 0.0278857 -0.0100183 0.0611449 -0.071825 -0.00471857 -0.00995317 0.00849144 -0.0343684 0.032565 -0.0277204 0.0134979 -0.0470897 0.00108726 -0.0219699 0.0337466 0.0206877 -0.0234251
internal_weight=690.436 584.733 105.702 411.501 215.368 196.133 140.953 49.3381 42.1229 126.839 173.232 160.558 74.4151 123.1 15.7099 73.0331 26.413 152.031 131.973 64.7521 12.1724 114.453 67.2207 68.7833 19.0313 55.3838 20.6865 26.1422 58.6446 12.386
internal_count=2751 1955 796 922 536 386 327 289 277 311 1033 913 209 264 97 122 180 857 792 348 92 265 444 176 56 153 69 55 149 46
is_linear=0
shrinkage=0.05


Tree=2
num_leaves=31
num_cat=0
split_feature=18 13 13 1 15 2 10 9 10 17 18 2 2 10 17 11 16 11 20 1 9 9 17 9 0 18 13 11 17 8
split_gain=158.861 57.488 17.6067 19.0518 14.3418 14.0451 11.2082 10.5644 9.00191 7.30787 7.22006 7.14164 5.92426 6.38725 12.4828 7.19422 5.63562 8.95031 5.27088 7.1719 11.813 9.29885 5.05933 4.89227 4.34155 5.46816 4.17053 2.81699 2.70649 2.53797
threshold=8.5000000000000018 0.70833333333333337 0.36666666666666675 55.250000000000007 1.5000000000000002 2.5000000000000004 0.24638060352346061 0.03608470181503886 0.15504807692307693 107.49404761904763 11.500000000000002 5.5000000000000009 5.5000000000000009 0.2069580731489741 44.396875000000009 0.073801742919389915 12.500000000000002 0.071067821067821071 2021.5000000000002 55.250000000000007 0.048115079365079354 0.047065337763012159 71.023660714285725 0.038967611336032361 1350.0000000000002 7.5000000000000009 1.0000000180025095e-35 0.10990338164251207 44.480208333333344 1.5000000000000002
decision_type=2 2 2 2 2 2 2 2 2 2 2 2 2 2 2 2 2 2 2 2 2 2 2 2 2 2 2 2 2 2
left_child=1 4 9 -4 5 23 16 8 -6 10 12 26 13 15 -15 -2 29 -18 22 21 -21 -20 28 -1 25 -8 -9 -26 -12 -7
right_child=2 -3 3 -5 7 6 24 11 -10 -11 18 -13 -14 14 -16 -17 17 -19 19 20 -22 -23 -24 -25 27 -27 -28 -29 -30 -31
leaf_value=-0.00065076539011116178 0.019657786604882856 -0.090388185370980298 -0.081060629730468028 0.018288141865553456 -0.058301573342520854 -0.033293847492675846 0.014310602665915604 -0.040026485528257494 0.031769454695930746 0.070233960205610055 0.030537868397382664 0.013808135743181694 -0.026716304292430704 0.025889680156230211 -0.020664106216970485 0.055433554986556222 0.0067693537310715181 -0.052712301662442319 0.05017604960654827 -0.03464081982027041 0.02435134695409805 0.015930806013626318 0.01037849302216351 -0.064405449995526651 -0.010709060251624141 0.077760420322603191 -0.068692481741886344 0.015025083955879252 0.051208792355125543 -0.079423949021341755
leaf_weight=3.8370339702814844 82.977488142438233 33.565417457837611 8.3454195540398377 11.441310090944169 4.0666024312376967 11.935546675696967 10.607668084092436 29.336280891671777 8.7270250990986806 8.6363571435213071 23.325434429571033 4.4177908450365058 7.7538954578340045 31.894802063703537 26.25041189789772 16.917164787650108 24.488402707502246 8.526250232011078 36.961161769926548 12.409814253449438 26.840034916996956 42.751342006027699 12.71176192909479 13.943981785327194 18.785954589024186 4.994386810809373 22.358117993921041 24.506872351281345 49.313934966921806 3.9745471142232409
leaf_count=28 246 461 67 38 38 75 54 204 42 12 81 21 36 88 99 32 137 47 50 28 38 67 35 124 105 12 224 117 110 35
internal_value=0.0033201 -0.0299594 0.0223654 -0.023614 -0.0195314 -0.00947513 -0.00268519 -0.0378618 0.00313934 0.0247675 0.0237065 -0.0472101 0.015954 0.0180476 0.00487237 0.0257164 -0.0203726 -0.00859217 0.0299974 0.023195 0.00569951 0.0318097 0.0394786 -0.0506476 0.0120079 0.0346216 -0.0524247 0.00385833 0.0445711 -0.0448177
internal_weight=626.602 228.072 398.53 19.7867 194.506 125.601 107.82 68.9058 12.7936 378.744 370.107 56.1122 165.794 158.04 58.1452 99.8947 48.9247 33.0147 204.313 118.962 39.2498 79.7125 85.3511 17.781 58.8949 15.6021 51.6944 43.2928 72.6394 15.9101
internal_count=2751 1724 1027 105 1263 734 582 529 80 922 910 449 501 465 187 278 294 184 409 183 66 117 226 152 288 66 428 222 191 110
is_linear=0
shrinkage=0.05


Tree=3
num_leaves=31
num_cat=0
split_feature=18 13 13 1 19 17 16 19 1 17 17 9 6 19 17 19 9 8 18 19 1 9 1 1 19 13 11 17 11 10
split_gain=123.536 33.431 30.1417 18.0446 12.4808 11.5181 12.0097 8.68704 8.6353 9.26956 6.92499 8.05838 29.3081 9.19765 6.33789 5.78073 6.13663 4.47639 4.37084 4.21699 6.30919 3.86535 3.50341 4.34117 3.59903 1.99744 1.72965 0.472818 0.319786 0.317552
threshold=6.5000000000000009 0.87500000000000011 0.29166666666666669 58.500000000000007 69.450000000000003 87.75437500000001 10.500000000000002 2.0500000000000003 57.500000000000007 36.428125000000009 28.296428571428574 0.032291666666666656 1.5000000000000002 99.300000000000026 27.630000000000003 73.800000000000026 0.03608470181503886 1.5000000000000002 12.500000000000002 18.450000000000003 52.500000000000007 0.045478036175710557 55.250000000000007 52.500000000000007 12.65 0.55000000000000016 0.16904761904761903 26.106250000000006 1.0000000180025095e-35 0.29669386002576215
decision_type=2 2 2 2 2 2 2 2 2 2 2 2 2 2 2 2 2 2 2 2 2 2 2 2 2 2 2 2 2 2
left_child=2 4 7 25 5 6 27 -1 9 -8 -6 12 18 -14 21 -13 -17 19 -12 20 -16 -9 23 -19 -24 26 28 -2 -4 -30
right_child=1 -3 3 -5 10 -7 8 14 -10 -11 11 15 13 -15 17 16 -18 22 -20 -21 -22 -23 24 -25 -26 -27 -28 -29 29 -31
leaf_value=0.062983428910255559 -0.076998115527521893 -0.090841032779325703 -0.053548747956897153 0.094811272843819336 -0.013854703001598202 -0.061055672156977804 0.025950484941031672 -0.0094820232164933762 0.047669427505019339 0.0014009287946066334 0.014962403595093871 0.064811244644733881 0.0096721374422983446 -0.056846218689674349 -0.061238309545841876 0.058339023463553498 0.027137940277556644 -0.0087187633324409212 0.04917133266502257 0.043538895627838886 -0.0030534741950465879 -0.079883650890067437 0.0093963837663810987 -0.053042403721110076 -0.050674158966256856 -0.085804305997072797 -0.028832078790421118 -0.047217391900339127 -0.081346259907669985 -0.062434726231706962
leaf_weight=2.9601856060326091 2.7938345670700064 7.109612423926591 2.0589033141732207 1.5703485012054432 10.51901764795184 5.6906949095427981 58.742990632541478 2.6430902499705535 16.593450460582972 111.31417871918529 14.210768956691025 13.308092143386601 8.0551914796233195 14.644816935062407 5.5610540173947802 17.684110596776009 144.76885221526027 7.6308671515435007 27.227912344038486 3.7227597050368777 28.722597658634186 7.4316256605088711 8.4112782757729274 20.011152323335409 3.5440722210332742 27.480840792413801 2.9509225124493232 2.5486053042113781 6.7973796091973764 3.2961016036570072
leaf_count=8 23 82 23 1 28 25 220 28 38 477 47 20 21 47 36 26 311 60 48 19 173 75 59 184 31 456 31 21 89 44
internal_value=0.00428219 0.0167321 -0.0377626 -0.0716383 0.0184388 0.009047 0.0111249 -0.02126 0.0132405 0.0098811 0.0258529 0.027594 0.0124241 -0.0332419 -0.0241042 0.0331297 0.0305344 -0.0192606 0.0374399 -0.00700325 -0.0124915 -0.0614139 -0.0310255 -0.0408064 -0.00841107 -0.0777764 -0.0631693 -0.0627913 -0.0715073 -0.0751706
internal_weight=590.005 455.212 134.793 44.1545 448.103 197.684 191.993 90.6387 186.651 170.057 250.419 239.9 64.1387 22.7 87.6785 175.761 162.453 77.6038 41.4387 38.0064 34.2837 10.0747 39.5974 27.642 11.9554 42.5841 15.1033 5.34244 12.1524 10.0935
internal_count=2751 1434 1317 644 1352 804 779 673 735 697 548 520 163 68 665 357 337 562 95 228 209 103 334 244 90 643 187 44 156 133
is_linear=0
shrinkage=0.05


Tree=4
num_leaves=31
num_cat=0
split_feature=18 23 13 23 23 16 7 23 23 23 23 2 8 23 23 13 2 10 10 3 10 20 19 17 19 11 11 7 10 10
split_gain=96.6584 24.8111 24.06 22.0179 22.7633 14.8993 14.8439 24.7038 14.1176 17.8259 12.3668 20.094 10.8161 8.98789 8.95665 9.73779 8.79619 8.38372 7.08307 12.987 6.8809 9.54401 6.6333 5.99143 6.31062 5.98106 17.3529 5.8056 5.50803 4.58202
threshold=6.5000000000000009 109.25000000000001 0.70833333333333337 103.10000000000001 60.050000000000004 10.500000000000002 1.5000000000000002 122.95000000000002 92.250000000000014 91.350000000000009 107.45000000000002 3.5000000000000004 3.5000000000000004 110.65000000000002 164.55000000000004 0.29166666666666669 2.5000000000000004 0.094588550983899775 0.12074829931972787 1.0000000180025095e-35 0.15007309941520466 2022.5000000000002 60.95000000000001 27.630000000000003 2.0500000000000003 0.073801742919389915 0.089572192513368967 1.0000000180025095e-35 0.18113465481886534 0.24638060352346061
decision_type=2 2 2 2 2 2 2 2 2 2 2 2 2 2 2 2 2 2 2 2 2 2 2 2 2 2 2 2 2 2
left_child=2 3 14 4 -2 -3 7 20 9 17 25 -12 22 28 15 23 -15 -6 -13 -20 -7 -22 -9 -1 -25 -5 -27 -14 -8 -26
right_child=1 5 -4 10 8 6 13 12 -10 -11 11 18 27 16 -16 -17 -18 -19 19 -21 21 -23 -24 24 29 26 -28 -29 -30 -31
leaf_value=-0.060050654604153902 -0.063488113487156869 -0.034447419174946724 -0.082255555385879087 -0.065427680292131418 -0.03484884526611895 -0.078321544342486796 0.037918340523819094 0.023833553847802069 0.065672694552613417 -0.07012402001235496 -0.038044643743836426 0.066463074543312836 0.020038381860369516 0.019703557971255916 0.072610677135234059 -0.063494752517114381 0.070122774154798811 0.022291621432150497 0.030534669892864408 -0.046258736789194607 -0.04089706618468017 0.044569459588374417 -0.053248148698893064 0.054547227182758999 -0.032815663772645956 0.038606891457640208 -0.078496172751590682 0.050800292653401052 -0.0082595210245332354 -0.0072013441823791978
leaf_weight=8.421075056307016 8.5332842301577312 8.9410450886934978 22.109521996695548 14.534391349181535 6.7893595602363339 5.5448002181947258 28.111203964799643 5.6430629771202785 15.481340534985064 5.8507103603333226 24.038665859028697 6.9550213329493991 24.896792257204652 10.92613724991679 2.3140679895877829 15.335421125404535 41.534585671499372 117.77974877413362 20.718768455088142 7.4979938566684714 10.0290633700788 4.8442445397377005 5.5224316902458668 3.078201211988925 31.426558954641223 6.4961449876427633 6.1666790992021561 39.947252190671861 8.3833456076681596 39.284635991789401
leaf_count=103 53 49 425 98 23 21 60 29 28 24 128 10 70 34 6 218 70 390 47 32 60 10 22 6 273 17 39 88 32 286
internal_value=0.00427756 0.0153033 -0.0350604 0.00457914 0.0158874 0.0285946 0.0316352 0.0180459 0.0205298 0.0151712 -0.0156319 -0.00281196 0.0311626 0.0463659 -0.0246111 -0.0269175 0.0596218 0.0191773 0.0212683 0.0101285 -0.030783 -0.0130606 -0.0142909 -0.0200944 -0.0155345 -0.0435418 -0.0184212 0.0389893 0.0273106 -0.0185853
internal_weight=557.136 435.166 121.969 240.842 154.434 194.324 185.383 96.4276 145.901 130.42 86.4077 59.2104 76.0095 88.9553 99.86 97.5459 52.4607 124.569 35.1718 28.2168 20.4181 14.8733 11.1655 82.2105 73.7894 27.1972 12.6628 64.844 36.4945 70.7112
internal_count=2751 1434 1317 889 518 545 496 300 465 437 371 217 209 196 892 886 104 413 89 79 91 70 51 668 565 154 56 158 92 559
is_linear=0
shrinkage=0.05


Tree=5
num_leaves=31
num_cat=0
split_feature=18 13 2 23 18 13 23 0 23 16 2 0 23 10 23 0 23 23 18 9 23 2 17 23 17 9 17 9 17 10
split_gain=79.335 33.4655 11.0732 11.4715 10.6036 13.355 9.18127 8.9703 11.3911 10.9758 8.8665 8.44751 11.8759 10.0556 7.87701 7.80439 16.2887 8.73784 7.47728 7.38287 7.20559 11.0762 6.73715 4.83173 4.59143 4.18408 3.93844 3.89512 3.75832 3.49973
threshold=8.5000000000000018 0.70833333333333337 2.5000000000000004 60.150000000000013 11.500000000000002 0.45000000000000007 124.05000000000001 1100.0000000000002 107.85000000000001 15.500000000000002 2.5000000000000004 1900.0000000000002 109.25000000000001 0.13809523809523808 60.550000000000004 1900.0000000000002 110.65000000000002 162.35000000000005 3.5000000000000004 0.043961352657004807 105.75000000000001 3.5000000000000004 55.906971153846158 109.95000000000002 35.223333333333343 0.051956815114709808 31.393269230769238 0.051956815114709808 59.030384615384627 0.16204051012753187
decision_type=2 2 2 2 2 2 2 2 2 2 2 2 2 2 2 2 2 2 2 2 2 2 2 2 2 2 2 2 2 2
left_child=1 2 25 -4 5 10 11 26 9 -9 19 12 20 -13 -12 16 -16 -17 -10 -2 24 -22 -8 -7 -6 28 -5 -15 -1 -14
right_child=4 -3 3 7 6 23 22 8 18 -11 14 13 29 27 15 17 -18 -19 -20 -21 21 -23 -24 -25 -26 -27 -28 -29 -30 -31
leaf_value=-0.043513357538702578 0.013001306402171628 -0.079945170933709023 -0.07782268384072466 0.062797610466726536 0.06320579033912517 -0.081569111752200898 0.01965256574795916 -0.047151016829819682 -0.03163642522732088 0.006029635459691182 -0.044463925591442174 0.034898958844519837 0.059410251761522363 -0.05836890933653277 0.013721231947182923 -0.025813855522471691 0.066370974686061554 0.040394445157689883 0.0070648974844565726 -0.053082935266641908 -0.05282791648441424 0.014374312483862672 0.070836440494424932 -0.0099780065326616173 0.01984015991901773 -0.068728109942310822 0.0083201405964097551 -0.0083682413235038906 0.023633700308973438 0.02547493509814365
leaf_weight=8.0751429060474056 7.5985473096370724 23.914631790947169 6.2498341221362343 5.4104430601000777 6.8731520529836407 5.4972726823762041 10.518226084299387 34.11445442494005 15.706919583491979 13.55814331397414 5.3992409184575072 8.9029250070452708 24.694089218974113 7.2907503694295874 76.452104859054089 18.099095694720749 18.184566855430603 6.8767351955175391 60.757769502699375 9.523409888148306 8.6784193497151154 20.892133083194494 16.537212356925011 4.1255150828510523 54.525675417855382 12.322936979122458 8.5770511161535961 8.3627444207668287 2.8087535053491584 10.973749166354535
leaf_count=86 27 452 67 13 24 61 32 334 127 96 30 20 36 24 260 80 28 24 338 35 41 56 26 23 132 145 40 19 20 25
internal_value=0.000986906 -0.024614 -0.016718 -0.011565 0.0158426 0.00612913 0.0241124 -0.00856703 -0.0128442 -0.0320264 0.00998854 0.0193121 0.0245165 -0.00752682 0.0146102 0.0172768 0.023838 -0.00758435 -0.000884897 -0.0237554 0.0149289 -0.00534832 0.0509379 -0.0508763 0.0246946 -0.0487756 0.0293923 -0.0316565 -0.026185 0.0489695
internal_weight=521.502 191.496 167.581 144.375 330.006 151.756 178.249 138.125 124.137 47.6726 142.134 151.194 126.637 24.5564 125.012 119.613 94.6367 24.9758 76.4647 17.122 90.9694 29.5706 27.0554 9.62279 61.3988 23.2068 13.9875 15.6535 10.8839 35.6678
internal_count=2721 1718 1266 1015 1003 568 435 948 895 430 484 377 314 63 422 392 288 104 465 62 253 97 58 84 156 251 53 43 106 61
is_linear=0
shrinkage=0.05


Tree=6
num_leaves=31
num_cat=0
split_feature=13 19 2 23 19 9 17 19 9 17 6 23 0 23 23 23 23 2 15 23 19 23 6 0 8 17 19 19 19 20
split_gain=68.1468 31.5097 18.1676 14.9039 13.0043 9.2343 9.02791 7.534 12.7172 8.72187 5.9279 5.52896 13.8602 10.8329 13.5225 8.77934 12.5513 16.2754 5.75902 6.12448 5.28338 3.88324 3.70837 3.20543 2.3101 0.846815 0.791653 2.80095 0.593016 0.459792
threshold=0.70833333333333337 60.95000000000001 2.5000000000000004 60.150000000000013 9.5500000000000025 0.14651229273870783 27.065259740259744 52.750000000000007 0.056438791732909353 29.6968253968254 1.5000000000000002 110.25000000000001 1750.0000000000002 122.15000000000002 116.60000000000001 105.75000000000001 107.45000000000002 3.5000000000000004 1.5000000000000002 92.250000000000014 166.10000000000002 112.45000000000002 1.5000000000000002 1900.0000000000002 3.5000000000000004 33.704166666666673 18.150000000000002 21.550000000000004 133.00000000000003 2021.5000000000002
decision_type=2 2 2 2 2 2 2 2 2 2 2 2 2 2 2 2 2 2 2 2 2 2 2 2 2 2 2 2 2 2
left_child=1 2 21 25 5 23 -3 9 -9 -6 -7 15 28 14 -14 18 -17 -18 19 -8 -15 26 -20 -5 -23 -4 -1 -28 -13 -29
right_child=-2 6 3 4 7 10 11 8 -10 -11 -12 12 13 20 -16 16 17 -19 22 -21 -22 24 -24 -25 -26 -27 27 29 -30 -31
leaf_value=-0.072825481602088821 -0.077998560699541239 -0.041780933089221185 -0.048699226380207621 -0.028727147281691564 0.032439876685704347 0.042348154024668898 0.024071036748618851 -0.074721521232671881 0.026040230200509787 0.0035407369624218415 -0.027446076658204466 0.053492232154565889 0.015346357641817694 0.014489531839627205 -0.082974940468963782 -0.069789288027791371 -0.027095766486561774 0.041467910934017582 -0.013149769885611607 0.065239408645773087 0.046419628917626063 0.028262233807058043 0.029322174684064825 -0.065636280426677324 -0.044345012814320156 -0.080482812819526628 0.0045894270657813241 -0.052426866162008978 0.068793363255521212 -0.077750782370760385
leaf_weight=7.9466699655167821 25.593590320087969 5.8545615915209046 3.6510515231639129 26.033644542098045 32.457146651111543 7.2956692874431592 49.314933570101857 7.170856721699236 5.5589173343032598 133.47498275712132 5.2183538563549519 11.71883398294449 10.291278574615715 27.644239768385887 5.296996194869279 6.2772638425230971 17.377132825553417 17.244744531810284 14.461696643382313 11.060151167213915 24.381945319473743 2.1622846722602835 7.972950927913188 7.5996350012719622 2.2204732978716493 4.9193030465394258 1.8010912202298621 3.5657861651852727 13.776262037456034 3.604097131639719
leaf_count=109 502 32 32 240 119 34 130 33 22 692 45 21 37 78 25 43 74 35 42 20 46 16 18 83 26 53 15 52 24 23
internal_value=0.0014866 0.00574825 -0.00626356 -0.00222911 0.000237955 -0.0234239 0.0194866 0.00634967 -0.0307202 0.00919355 0.0132439 0.021141 0.0303444 0.0184985 -0.0180639 0.0142141 -0.00473919 0.00705498 0.023575 0.0316127 0.0294535 -0.0504673 0.00194415 -0.037067 -0.00852338 -0.0669427 -0.0613335 -0.0511537 0.0617602 -0.0651565
internal_weight=502.947 477.353 254.68 233.38 224.809 46.1473 222.673 178.662 12.7298 165.932 12.514 216.818 93.1096 67.6145 15.5883 123.709 40.8991 34.6219 82.8097 60.3751 52.0262 21.3004 22.4346 33.6333 4.38276 8.57035 16.9176 8.97097 25.4951 7.16988
internal_count=2721 2219 1594 1353 1268 402 625 866 55 811 79 593 231 186 62 362 152 109 210 150 124 241 60 323 42 85 199 90 45 75
is_linear=0
shrinkage=0.05


Tree=7
num_leaves=31
num_cat=0
split_feature=13 19 19 10 2 15 17 17 19 8 10 10 13 19 1 17 6 17 10 6 6 10 20 19 17 10 17 10 11 17
split_gain=59.651 27.9164 10.8561 9.7753 7.34188 8.14557 6.27118 6.15363 6.30747 7.25498 5.01475 4.86339 4.55319 10.6969 5.25247 6.68367 4.08276 5.19867 4.06376 7.26091 5.98971 3.98531 4.29114 3.9183 3.57895 3.56906 3.5268 1.93656 1.609 2.30503
threshold=0.70833333333333337 23.050000000000004 176.05000000000004 0.15677668539325842 6.5000000000000009 1.5000000000000002 65.755219780219804 56.57500000000001 16.350000000000005 1.5000000000000002 0.16204051012753187 0.17846085802742148 0.36666666666666675 84.65000000000002 57.500000000000007 24.516666666666669 1.5000000000000002 30.531818181818185 0.17349498327759191 1.5000000000000002 1.5000000000000002 0.13263888888888889 2022.5000000000002 213.80000000000004 43.921428571428571 0.29669386002576215 44.636904761904773 0.10070850202429146 0.043055555555555507 52.076068376068385
decision_type=2 2 2 2 2 2 2 2 2 2 2 2 2 2 2 2 2 2 2 2 2 2 2 2 2 2 2 2 2 2
left_child=1 4 6 21 5 11 12 8 24 -10 -5 28 14 26 15 -3 17 -13 20 -20 -8 22 27 -12 -7 -18 -14 -4 29 -1
right_child=-2 2 3 10 -6 7 18 -9 9 -11 23 16 13 -15 -16 -17 25 -19 19 -21 -22 -23 -24 -25 -26 -27 -28 -29 -30 -31
leaf_value=-0.036477356251861347 -0.075506403061892047 -0.032554032218446972 0.015188698939806186 0.071082608076977707 0.052967039916483633 -0.054024284466095973 0.023269712208131083 -0.067900783032246267 0.049042345585783388 -0.041493167320533701 0.052643769331122581 0.0502868484361376 -0.078676241024772692 0.050098414073502087 0.039344433040345579 0.012831112218573455 0.00098282181529526168 0.0016347764764125623 -0.074624760187991232 0.00039736310231783934 -0.033740876933754126 -0.019414786904379856 -0.010217928552648116 0.017541811989760497 -0.012185351714273526 -0.033583107512540754 -0.010778712949615542 0.050073746190059554 -0.048584856759116356 0.0041865426653832334
leaf_weight=7.9438220653682965 23.674742294941097 8.4848488550633174 7.1534864418208661 13.077394783496855 3.9764704667031756 13.245959416963165 12.567949123680593 10.23565079923719 5.3646884579211456 3.7662528492510319 15.222575940191748 7.0248234737664452 4.8017329499125463 3.8213381879031658 17.633283048868179 184.60242878925055 18.205891922116283 25.142575014382601 5.8952096998691541 7.1208879984915257 7.273503500968217 8.9011739417910558 7.9937640205025664 16.641174845397472 8.3230183706618828 12.661505300551651 3.1786012537777424 8.9626483395695669 6.5663878908380857 6.2087777368724346
leaf_count=77 502 50 21 19 12 176 39 126 21 31 29 29 37 10 39 708 106 166 33 38 32 28 19 37 77 101 25 27 65 41
internal_value=0.00190132 0.00586803 0.0135042 0.0298364 -0.0139147 -0.0160477 0.00851888 -0.0343273 -0.0231336 0.011699 0.0450114 -0.00711328 0.0115297 -0.0186923 0.0132223 0.0108367 -0.000205614 0.0122596 -0.0118713 -0.0335814 0.0023707 0.00917727 0.0197332 0.0343114 -0.0378795 -0.0131958 -0.0516324 0.0345893 -0.0281289 -0.018638
internal_weight=485.673 461.998 333.332 77.9522 128.666 124.689 255.38 40.9356 30.6999 9.13094 44.9411 83.7538 222.522 11.8017 210.721 193.087 63.0348 32.1674 32.8576 13.0161 19.8415 33.0111 24.1099 31.8638 21.569 30.8674 7.98033 16.1161 20.719 14.1526
internal_count=2721 2219 1191 180 1028 1016 1011 431 305 52 85 585 869 72 797 758 402 195 142 71 71 95 67 66 253 207 62 48 183 118
is_linear=0
shrinkage=0.05


Tree=8
num_leaves=31
num_cat=0
split_feature=13 18 2 23 23 23 8 23 23 17 9 17 15 17 17 18 9 7 23 2 23 17 3 4 23 20 20 18 9 20
split_gain=52.152 30.5028 13.6979 12.15 9.98776 11.7698 10.6017 10.1656 7.0534 6.9816 5.98142 5.0024 6.3054 4.87279 4.70008 4.37325 4.09775 3.59034 4.095 3.28809 3.26812 2.25302 1.3949 0.741379 0.529707 0.187246 0.317713 0.0381712 0.00890553 0.0150716
threshold=0.70833333333333337 9.5000000000000018 2.5000000000000004 60.150000000000013 67.450000000000017 107.85000000000001 1.5000000000000002 60.95000000000001 91.15000000000002 40.189423076923084 1.0000000180025095e-35 42.41564102564103 2.5000000000000004 43.472500000000004 44.094505494505491 13.500000000000002 0.029513888888888853 1.5000000000000002 108.25000000000001 3.5000000000000004 122.65000000000002 71.471978021978032 1.0000000180025095e-35 1.0000000180025095e-35 112.65000000000002 2021.5000000000002 2019.0000000000002 6.5000000000000009 0.051064754454584908 2019.0000000000002
decision_type=2 2 2 2 2 2 2 2 2 2 2 2 2 2 2 2 2 2 2 2 2 2 2 2 2 2 2 2 2 2
left_child=1 2 16 25 7 8 -7 9 -6 -5 19 12 17 -13 -15 -16 -1 -12 -19 20 22 23 -3 -18 -25 26 -4 28 29 -2
right_child=27 10 3 4 5 6 -8 -9 -10 -11 11 13 -14 14 15 -17 21 18 -20 -21 -22 -23 -24 24 -26 -27 -28 -29 -30 -31
leaf_value=0.00012137609763827602 -0.064043497708063585 -0.020027611520554978 -0.039885321545861746 0.036774271696394446 -0.0074647523779036527 0.02348600058351856 -0.0096864920741222653 0.078165860229488585 -0.043866563393427746 -0.044062309499314001 -0.027240295637182183 0.056661345503234331 0.049227665573064974 -0.024564957198410998 0.018197337737437709 0.037079618209604918 -0.029561100081131626 -0.0033786537870101833 0.026677199827297649 0.019393443468955884 0.010694671671790685 -0.0062747434859342782 -0.057278134711744623 -0.065313245015730742 -0.042179302308030367 -0.076902424385257892 -0.07540582926270839 -0.076996562313157518 -0.072757599435286952 -0.071645344519197587
leaf_weight=4.6121400753036168 0.82921216730029046 5.7557193227112347 1.133934222161769 6.3575203437358159 29.038633225485682 43.256816552951932 54.345659376122057 7.5631062649190417 24.564374099485576 4.6063146442174911 8.6031926162540895 11.206424340605734 8.2755024805664998 5.128766641020774 97.159774851053953 44.805508941411972 2.0869686137884953 30.448238659650087 18.051459545269608 8.3714039996266347 5.8023594617843619 2.4040813874453297 4.4609805382788181 13.780751675367354 3.0159800024703136 4.0511085018515587 1.4152305610477924 5.2858677902258924 12.707758645992724 3.0513053238391876
leaf_count=39 40 23 27 25 241 196 350 15 241 21 28 24 15 18 315 92 27 129 51 38 13 21 22 158 36 33 21 94 305 63
internal_value=0.00209806 0.00576047 -0.00865234 -0.00366517 -0.00107702 -0.00532262 0.00501535 0.033573 -0.0241464 0.00281182 0.0175102 0.020074 0.00843885 0.0248793 0.022458 0.0241568 -0.0426061 0.00252763 0.00780806 -0.00600174 -0.019273 -0.0518633 -0.0362925 -0.0576672 -0.0611594 -0.0702219 -0.0596054 -0.0732965 -0.0721174 -0.0700209
internal_weight=472.176 450.302 202.233 176.333 169.732 151.205 97.6025 18.5269 53.603 10.9638 248.069 223.679 65.3784 158.3 147.094 141.965 25.8999 57.1029 48.4997 24.3905 16.0191 21.2878 10.2167 18.8837 16.7967 6.60027 2.54916 21.8741 16.5883 3.88052
internal_count=2721 2219 1451 1170 1089 1028 546 61 482 46 768 672 223 449 425 407 281 208 180 96 58 242 45 221 194 81 48 502 408 103
is_linear=0
shrinkage=0.05


Tree=9
num_leaves=31
num_cat=0
split_feature=13 16 23 23 0 23 23 0 23 11 11 23 1 2 10 20 23 22 9 20 11 16 23 15 16 11 11 1 23 2
split_gain=45.1228 19.7674 12.2443 7.18897 9.40532 10.6982 8.64454 6.58897 2.59224 2.20067 2.0999 1.77344 0.985215 0.0996463 0.0674104 0.0667881 0.0834608 0.00729231 0.012693 0.00394156 0.00427357 0.00304083 0.00202976 0.00154738 0.00145793 0.00189308 0.00113144 0.00100853 0.000989241 0.000950949
threshold=0.70833333333333337 9.5000000000000018 59.850000000000001 164.55000000000004 2200.0000000000005 125.85000000000001 162.15000000000001 1900.0000000000002 112.75000000000001 0.043055555555555507 0.046256684491978554 161.05000000000004 53.500000000000007 3.5000000000000004 0.16204051012753187 2022.5000000000002 73.050000000000011 5.5000000000000009 0.045478036175710557 2021.5000000000002 0.089572192513368967 15.500000000000002 110.65000000000002 1.5000000000000002 11.500000000000002 0.14589665653495437 0.093073593073593072 53.500000000000007 107.45000000000002 3.5000000000000004
decision_type=2 2 2 2 2 2 2 2 2 2 2 2 2 2 2 2 2 2 2 2 2 2 2 2 2 2 2 2 2 2
left_child=1 8 13 4 5 7 11 -4 12 -8 -10 -6 -1 -3 -14 16 -16 19 -19 20 23 24 27 29 25 -20 -26 -21 -28 -2
right_child=17 2 3 -5 6 -7 9 -9 10 -11 -12 -13 14 -15 15 -17 -18 18 21 22 -22 -23 -24 -25 26 -27 28 -29 -30 -31
leaf_value=-0.04023592594763848 -0.072461336275702962 -0.082456526620403092 0.010150264171799544 0.04928933338145508 -0.034724814434417155 0.059644069555694679 0.026028864382350209 -0.0084673463199930309 0.010987588968969488 -0.015690072299567932 -0.053108661967377596 -0.075396170097350904 -0.082848135292979255 -0.067366791606339904 -0.080109594167730627 -0.080843627013166941 -0.064074811535027656 -0.065898545054976679 -0.068344070958161501 -0.07388214519266896 -0.069488225071411003 -0.073477212901433372 -0.074643654382143529 -0.070987150089648315 -0.072104856561260991 -0.071136567605543682 -0.071133743932848048 -0.072007476247077123 -0.069176598101931983 -0.074844148486190476
leaf_weight=2.8944478537887317 1.066145316231996 1.7094861650839437 323.53403242304921 10.256924990564583 4.9572959495708364 10.064958753064273 6.0348791778087598 55.706306007690728 2.5257013365626326 6.6379046477377415 2.5863445475697517 5.8352135922759771 1.8662116555497048 3.0389392003417015 1.1227801581844685 1.5090953037142751 2.927254477981478 1.3852332411333925 1.2668874030932769 0.99229873251169953 2.058122742921114 1.1245327927172182 1.6557529978454111 1.0731701273471115 1.9811160322278736 1.1650212863460181 2.2991824522614484 2.5899812821298838 0.89775094110518683 0.68950933963060368
leaf_count=28 44 23 1514 30 42 33 22 268 19 37 33 38 16 39 18 12 47 37 30 19 87 18 29 28 38 23 50 53 20 26
internal_value=0.00170412 0.00503852 0.00704411 0.00794034 0.00691286 0.00876584 -0.0238293 0.00741554 -0.0505571 0.00417681 -0.0214407 -0.0567147 -0.0649802 -0.0727993 -0.0746257 -0.0718655 -0.0685201 -0.0712943 -0.0703451 -0.072243 -0.0712217 -0.0710503 -0.0731959 -0.0724829 -0.0706917 -0.0696818 -0.071166 -0.0725268 -0.0705841 -0.0733972
internal_weight=463.452 443.208 427.776 423.028 412.771 389.305 23.4653 379.24 15.4318 12.6728 5.11205 10.7925 10.3198 4.74843 7.42534 5.55913 4.05003 20.2447 10.1197 10.125 4.88695 8.73449 5.23803 2.82882 7.60996 2.43191 5.17805 3.58228 3.19693 1.75565
internal_count=2721 2219 2046 1984 1954 1815 139 1782 173 59 52 80 121 62 93 77 65 502 216 286 185 179 101 98 161 53 108 72 70 70
is_linear=0
shrinkage=0.05


Tree=10
num_leaves=31
num_cat=0
split_feature=19 23 0 0 23 2 18 10 16 10 23 23 10 23 23 4 10 5 19 20 19 9 9 15 10 19 9 0 23 19
split_gain=46.6063 17.3532 17.3267 16.5706 10.9322 22.6882 9.92273 9.76535 9.38272 8.32723 9.79674 8.64935 6.59873 7.18531 6.32852 5.60723 5.00385 7.22102 4.7646 4.5429 4.48499 6.15522 4.04059 3.72278 11.5222 6.14412 3.50713 3.36279 3.26719 3.20045
threshold=9.5500000000000025 109.25000000000001 1750.0000000000002 1600.0000000000002 107.85000000000001 3.5000000000000004 7.5000000000000009 0.11834733893557421 10.500000000000002 0.14511278195488717 164.55000000000004 161.25000000000003 0.16568627450980386 110.35000000000001 60.350000000000001 1.0000000180025095e-35 0.13118961352657002 1.0000000180025095e-35 70.850000000000009 2022.5000000000002 6.0500000000000007 0.17515516611902152 0.029513888888888853 1.5000000000000002 0.15759905381431102 124.95000000000002 0.069187089061566009 1750.0000000000002 112.75000000000001 69.450000000000003
decision_type=2 2 2 2 2 2 2 2 2 2 2 2 2 2 2 2 2 2 2 2 2 2 2 2 2 2 2 2 2 2
left_child=20 3 7 6 22 -6 15 -3 28 16 11 -11 -9 -14 -8 -2 17 -10 19 -7 26 -22 -5 25 -25 -16 27 -1 -4 -30
right_child=1 2 8 4 5 18 14 12 9 10 -12 -13 13 -15 23 -17 -18 -19 -20 -21 21 -23 -24 24 -26 -27 -28 -29 29 -31
leaf_value=-0.015760165698951389 0.021708741098017261 -0.015154350480840113 -0.083512171291728318 -0.013438595924834743 -0.042448840783569135 0.017192400728871418 -0.03752680365118196 0.065831167636322199 -0.016074869701591367 0.0027272680279003957 0.052879603516754796 -0.047232454749263381 -0.0076619140921208948 0.050249740237730191 0.029062772725190863 -0.038633062786708902 0.052501984281989579 0.047816188961916362 -0.0070803360887488689 0.070642830287203168 -0.037612511542350652 0.026182108390834621 -0.056397038129160332 0.02849453019206102 -0.033420131466289353 0.00024297030715711342 -0.064891746166747769 -0.075033960446252657 -0.063232282368540033 0.0057922411452285393
leaf_weight=8.8749013482592982 4.9641827759332982 7.0108166560530654 3.0244427910074574 7.1437490792013731 23.361870277673006 8.3423687368631381 6.2728174850344649 24.933555942960083 9.5623901970684528 63.531529308762401 8.4104636684060079 10.031174182426183 8.5402464456856269 14.366104209795592 55.754583842121065 17.151916667819023 15.254901147447525 8.2273971438407898 6.8975292965769759 7.5940091386437407 20.65290557732806 4.6284360317513338 23.415759048890322 15.772292003035547 14.351772125810383 27.672123229131103 23.234017804730684 3.2761607463471583 2.7691132975742221 4.267344456166029
leaf_count=128 36 24 34 50 156 32 50 51 38 287 23 51 41 43 197 201 38 20 23 10 280 36 216 51 63 76 358 51 40 24
internal_value=-0.00118906 0.0050245 0.0165258 -0.00443808 -0.0231543 -0.00780663 0.0056829 0.0399561 0.00625091 0.0103011 0.00175926 -0.00408535 0.0480324 0.0286584 0.0113625 -0.0250887 0.0314907 0.0134734 0.0276366 0.0426626 -0.0420169 -0.0259332 -0.0463548 0.0140632 -0.00100299 0.0195034 -0.0535081 -0.0317415 -0.0400518 -0.0213715
internal_weight=459.291 398.624 179.929 218.695 76.7553 46.1958 141.94 54.8507 125.079 115.018 81.9732 73.5627 47.8399 22.9064 119.824 22.1161 33.0447 17.7898 22.8339 15.9364 60.6664 25.2813 30.5595 113.551 30.1241 83.4267 35.3851 12.1511 10.0609 7.03646
internal_count=2728 1875 714 1161 487 221 674 159 555 457 361 338 135 84 437 237 96 58 65 42 853 316 266 387 114 273 537 179 98 64
is_linear=0
shrinkage=0.05


Tree=11
num_leaves=31
num_cat=0
split_feature=19 13 16 19 19 19 17 17 15 16 9 13 10 17 16 0 0 20 19 19 1 19 20 10 16 11 9 1 17 11
split_gain=37.9004 15.3633 10.7575 6.75164 6.14587 6.08339 5.49566 8.71839 5.50725 6.06641 5.07526 4.92611 4.67805 4.97907 3.41065 2.64812 2.53436 2.54028 1.67294 1.42299 0.781985 0.638627 0.406262 0.377716 0.366108 0.233215 0.40382 0.0904227 0.0735848 0.0453775
threshold=9.5500000000000025 0.87500000000000011 10.500000000000002 76.500000000000014 124.95000000000002 382.20000000000005 72.532142857142873 106.47424242424246 3.5000000000000004 13.500000000000002 0.017148526077097454 0.70833333333333337 0.41070163004961019 35.257948717948729 12.500000000000002 1100.0000000000002 1900.0000000000002 2021.5000000000002 18.450000000000003 7.7500000000000009 55.250000000000007 6.0500000000000007 2021.5000000000002 0.31123737373737376 13.500000000000002 0.031372549019607808 0.051956815114709808 55.250000000000007 42.954395604395614 0.093073593073593072
decision_type=2 2 2 2 2 2 2 2 2 2 2 2 2 2 2 2 2 2 2 2 2 2 2 2 2 2 2 2 2 2
left_child=11 2 3 18 -5 6 8 10 9 -4 -8 12 13 15 19 -1 17 -16 -2 23 -18 27 24 -15 -17 -20 -27 28 -14 -24
right_child=1 -3 5 4 -6 -7 7 -9 -10 -11 -12 -13 21 14 16 22 20 -19 25 -21 -22 -23 29 -25 -26 26 -28 -29 -30 -31
leaf_value=0.0045064120168683327 -0.023167690061796045 -0.070680390911290733 0.00085145714478205106 0.030508414065376341 -0.048217049375383798 0.046353634391667502 -0.064595388947468343 0.041612324359525256 -0.038203290420883697 0.015947678526112782 -0.010537935092387075 -0.067835197210385001 -0.069660290878829981 -0.06993863498573237 -0.031288431934027534 -0.065228379601027023 -0.062465412758493523 0.012512654203234518 -0.07789179627422757 -0.0032712793511722651 -0.016280629995599198 -0.039329615220839241 -0.068097562007479143 -0.040776147179884245 -0.027570988117395497 -0.041649197272388333 -0.068570227410275228 -0.065411367016673397 -0.083459130599032649 -0.07691300444242255
leaf_weight=1.6094774603843678 3.3838651403784779 6.6317687481641761 102.54655177006498 6.7625401206314546 3.9138927310705185 10.145850569009779 4.8862936198711386 7.5494511760771266 5.8854766860604277 189.57074632449076 38.977328311651945 11.392478347988797 1.6422657044604405 3.0669596409425166 4.2590539995580956 1.5110481726005656 2.1010390408337112 14.857893789187074 2.3976941686123592 1.4771848767995832 1.625667077489197 1.7839172109961507 2.7525835018604994 1.7404363928362725 1.1266815713606775 2.0948851639404893 4.1574221765622497 2.3482118453830481 2.3467321861535311 3.108182730153203
leaf_count=16 33 162 563 28 25 21 26 29 28 702 157 326 26 45 69 37 29 90 27 14 17 21 31 24 22 27 47 29 26 31
internal_value=-0.000884447 0.00477017 0.00607911 -0.0272953 0.0016483 0.00818707 0.00707884 -0.00801785 0.00968341 0.0106482 -0.0165598 -0.0383161 -0.0312148 -0.0240654 -0.013573 -0.0543015 -0.00459894 0.00275423 -0.0529741 -0.0461923 -0.0423186 -0.0657566 -0.0654387 -0.0593808 -0.0491434 -0.0646343 -0.0595501 -0.0731957 -0.0777782 -0.0727727
internal_weight=447.654 388.904 382.272 22.7103 10.6764 359.562 349.416 51.4131 298.003 292.117 43.8636 58.7498 47.3573 39.2362 29.1282 10.108 22.8437 19.1169 12.0339 6.28458 3.72671 8.12113 8.4985 4.8074 2.63773 8.65 6.25231 6.33721 3.989 5.86077
internal_count=2728 1875 1713 187 53 1526 1505 212 1293 1265 183 853 527 425 288 137 205 159 134 83 46 102 121 69 59 101 74 81 52 62
is_linear=0
shrinkage=0.05


Tree=12
num_leaves=31
num_cat=0
split_feature=13 19 23 0 0 23 2 23 0 23 17 23 23 18 1 17 20 17 23 20 3 23 1 17 19 1 19 19 1 6
split_gain=31.0351 16.5062 11.5634 16.2416 12.5348 11.9378 13.7399 10.0101 7.97982 13.6371 7.4788 7.44967 8.2858 8.11572 5.51742 4.60235 4.58523 4.2861 3.9697 5.74351 3.95484 11.1649 3.49674 3.34431 3.14136 2.81221 9.3955 4.04984 2.76232 5.29567
threshold=0.70833333333333337 9.5500000000000025 109.45000000000002 1750.0000000000002 1600.0000000000002 108.15000000000002 3.5000000000000004 123.25000000000001 2200.0000000000005 164.35000000000005 86.496666666666684 60.95000000000001 61.150000000000013 9.5000000000000018 53.500000000000007 39.671190476190482 2021.5000000000002 32.600000000000009 111.65000000000002 2022.5000000000002 1.0000000180025095e-35 109.55000000000001 53.500000000000007 41.511666666666677 33.650000000000013 56.500000000000007 27.650000000000002 76.500000000000014 55.250000000000007 1.5000000000000002
decision_type=2 2 2 2 2 2 2 2 2 2 2 2 2 2 2 2 2 2 2 2 2 2 2 2 2 2 2 2 2 2
left_child=1 17 4 18 11 25 24 10 22 -10 14 16 -13 -14 -5 -8 -3 -1 19 -4 21 -19 -9 -18 -7 27 -27 -6 -22 -30
right_child=-2 2 3 7 5 6 15 8 9 -11 -12 12 13 -15 -16 -17 23 20 -20 -21 28 -23 -24 -25 -26 26 -28 -29 29 -31
leaf_value=-0.061032625934828479 -0.06746160444935341 -0.054724793202864865 0.041806389801197025 -0.039794388045460878 -0.060685286483826706 -0.0071957451217134318 0.050081491558401026 0.0026431956613176271 -0.02773783752401203 0.04182347553470056 -0.076209488132624126 0.068357760287170527 -0.013672601419017119 0.016246441314588293 0.0024709802445686832 0.0021810256372199743 0.024204858461155148 -0.02393962580521157 0.059249855458019279 -0.0033308840103024001 -0.049379846712087783 0.070189857184137242 0.041189610645768704 -0.03034438575354036 -0.048003726657207535 0.026580503418498769 -0.063592834067014548 -0.01344073334220211 0.047833668640772757 -0.049883170144269309
leaf_weight=7.6742346766404799 16.8670014499221 7.1096765454858568 24.988679034635425 9.727333387359975 18.717498194426302 8.3298465115949529 11.237912537530066 7.3936958722770205 18.716290988028053 11.29943263530731 4.1559590417891732 5.9662486538290969 31.443854053970426 81.191381314769387 37.447841530200094 9.0553910024464113 5.5480754561722261 14.748471133410932 15.870752442628143 9.8162065744400007 12.730181793216618 4.0059026777744284 28.804447437636554 5.6928137727081776 10.869888545945285 5.6705409232527 5.8884022701531649 5.9868810549378386 2.4553243927657595 3.1851307256147265
leaf_count=129 488 72 82 50 161 57 25 23 97 32 27 12 266 231 180 31 16 155 34 25 165 19 92 24 70 28 44 34 14 45
internal_value=-0.00094337 0.00169203 0.00506833 0.0148642 -0.00267874 -0.0189984 2.09366e-05 0.00466319 0.0175102 -0.00155145 -0.0119086 0.00634865 0.0109357 0.00789408 -0.00624397 0.0287071 -0.0232979 -0.0270167 0.038526 0.0290761 -0.0199852 -0.00383373 0.0333163 -0.00342095 -0.0302991 -0.0397117 -0.019356 -0.049236 -0.0364741 -0.00734644
internal_weight=442.595 425.728 380.929 168.221 212.708 75.7564 39.493 117.545 66.2139 30.0157 51.3311 136.952 118.601 112.635 47.1752 20.2933 18.3506 44.7992 50.6756 34.8049 37.125 18.7544 36.1981 11.2409 19.1997 36.2633 11.5589 24.7044 18.3706 5.64046
internal_count=2728 2240 1713 642 1071 450 183 501 244 129 257 621 509 497 230 56 112 527 141 107 398 174 115 40 127 267 72 195 224 59
is_linear=0
shrinkage=0.05


Tree=13
num_leaves=31
num_cat=0
split_feature=13 19 16 2 13 9 16 9 19 17 17 10 13 0 17 19 19 9 16 20 15 2 16 10 9 16 15 19 2 9
split_gain=28.5874 14.9347 10.1291 4.61716 7.10134 12.0644 4.59988 6.87338 4.99806 4.39002 6.75268 3.18811 3.42248 3.42366 2.89644 2.34335 3.35839 2.01441 0.961803 1.09405 2.24567 0.879213 0.729125 0.10653 0.179407 0.174634 0.0689069 0.0166627 0.00769625 0.00540427
threshold=0.70833333333333337 9.5500000000000025 9.5000000000000018 6.5000000000000009 0.36666666666666675 0.038967611336032361 13.500000000000002 1.0000000180025095e-35 69.450000000000003 45.295982142857149 47.759935897435909 0.41342952275249728 1.0000000180025095e-35 1600.0000000000002 42.954395604395614 66.050000000000011 92.750000000000014 0.03608470181503886 10.500000000000002 2022.5000000000002 1.5000000000000002 3.5000000000000004 13.500000000000002 0.15759905381431102 0.10281902844198336 8.5000000000000018 2.5000000000000004 20.550000000000004 3.5000000000000004 0.043961352657004807
decision_type=2 2 2 2 2 2 2 2 2 2 2 2 2 2 2 2 2 2 2 2 2 2 2 2 2 2 2 2 2 2
left_child=1 9 15 4 6 -6 8 -8 -4 17 -11 12 13 -12 -5 23 -17 -1 28 20 -20 -21 -7 -3 25 -25 -14 29 -19 -2
right_child=27 2 3 14 5 22 7 -9 -10 10 11 -13 26 -15 -16 16 -18 18 19 21 -22 -23 -24 24 -26 -27 -28 -29 -30 -31
leaf_value=0.0095640829929507856 -0.063093151823812629 -0.074060285079043997 -0.011680265683319929 0.0071078653606268596 0.015898597383991755 -0.04559935141929515 -0.024697158465112782 0.012949212980921422 0.009871195582422802 0.058298912155516816 -0.044302189880200037 -0.070517509673177048 -0.057660903314346867 0.010732288994993127 0.05210187941292152 0.02023651735338439 -0.051466300860884467 -0.070571981562333019 -0.0082706161508920364 -0.075541780749603174 -0.058746097464799744 -0.039145564637310115 -0.078980256773087648 -0.064866038194645856 -0.073726488074810526 -0.041148737989201808 -0.073650936954623075 -0.069764971108172563 -0.065914526388804809 -0.065906635734314642
leaf_weight=1.7165816426277185 2.0042304245289442 1.4572480767965297 58.777201454620808 6.0811053719371548 8.1857278319075721 2.2527700485661608 12.873965371400116 208.27172417100519 49.60738286562264 3.0574487652629641 3.8323021391406717 2.8425857955589882 1.6200782749801867 10.761147941462694 8.6854067463427764 2.9833681406453252 3.6080241054296494 2.5994186736643328 5.1220951722934824 3.212351582944394 3.8673108951188624 3.432066909968853 5.9736640183255076 1.4225552044808865 1.3510030191391704 1.7080177776515484 1.1534592099487779 2.7408420627471051 1.3464404977858064 11.502166370861231
leaf_count=27 71 22 399 28 33 31 70 745 189 17 50 38 32 75 22 19 24 40 73 28 80 28 63 19 20 29 20 69 19 348
internal_value=-0.00114004 0.00139038 0.00465684 0.00619203 0.00502329 -0.0270766 0.00662202 0.0107576 -0.00181621 -0.0259678 -0.0109538 -0.0214308 -0.0133965 -0.00372 0.0335726 -0.0395369 -0.0190125 -0.0423712 -0.0469244 -0.0413571 -0.0299856 -0.0567419 -0.0698391 -0.0623166 -0.0584979 -0.0519261 -0.0643108 -0.0662105 -0.0689827 -0.0654891
internal_weight=434.05 417.802 373.239 360.709 345.942 16.4122 329.53 221.146 108.385 44.5633 23.267 20.2096 17.367 14.5935 14.7665 12.5302 6.59139 21.2963 19.5797 15.6338 8.98941 6.64442 8.22643 5.93882 4.48158 3.13057 2.77354 16.2472 3.94586 13.5064
internal_count=2728 2240 1713 1580 1530 127 1403 815 588 527 232 215 177 125 50 133 43 295 268 209 153 56 94 90 68 48 52 488 59 419
is_linear=0
shrinkage=0.05


Tree=14
num_leaves=31
num_cat=0
split_feature=13 23 0 0 23 16 23 0 11 23 2 23 23 2 9 17 23 11 23 2 11 17 23 23 19 11 17 17 9 9
split_gain=25.7792 14.0113 17.154 16.6501 10.5295 10.0444 9.85901 9.78218 13.1377 11.7124 8.49503 8.29842 7.82831 9.16892 7.19531 6.56089 6.59057 6.33803 5.72994 7.84261 5.39852 5.50316 4.82343 4.08049 3.56429 3.4005 3.14821 5.60993 3.10445 3.06804
threshold=0.70833333333333337 108.95000000000002 1750.0000000000002 1600.0000000000002 123.25000000000001 12.500000000000002 60.350000000000001 2200.0000000000005 0.093073593073593072 164.35000000000005 2.5000000000000004 111.65000000000002 116.60000000000001 3.5000000000000004 0.042791762013729959 34.43571428571429 90.850000000000009 0.067496392496392457 107.45000000000002 3.5000000000000004 0.025978407557354904 26.68571428571429 111.35000000000001 122.65000000000002 60.95000000000001 0.11173533083645441 72.621428571428581 53.002163461538466 0.13048835125448027 0.029513888888888853
decision_type=2 2 2 2 2 2 2 2 2 2 2 2 2 2 2 2 2 2 2 2 2 2 2 2 2 2 2 2 2 2
left_child=1 3 5 6 12 -3 -1 8 -6 28 24 14 13 22 29 -12 -17 -16 -5 26 -21 -22 -4 25 -8 -14 27 -20 -9 -7
right_child=-2 2 4 18 7 11 10 9 -10 -11 15 -13 23 -15 17 16 -18 -19 19 20 21 -23 -24 -25 -26 -27 -28 -29 -30 -31
leaf_value=-0.045061214163670794 -0.065060117166072906 -0.010186366271220573 -0.061173075196098464 -0.047449428180283804 0.04520950592622909 0.027052329472441145 -0.049269235001313701 -0.037394041382925958 -0.033166476252136083 0.034442463281340256 0.042028689523139651 0.076172163526897985 -0.059955324449922902 0.030705539585405745 -0.034159080718738709 0.0025020686493638436 0.047677494704486817 0.027816457509945977 -0.051333519664752428 0.035182509183898529 0.033466035267755094 -0.030963749154834842 -0.0037930943380328299 -0.00717981387685083 -0.0056823325268794377 -0.011691446101908413 -0.072172006576795733 0.0021694823197326834 0.016536406408246652 0.065506970710654339
leaf_weight=10.180961079895495 15.223831155337392 11.555943582206963 5.6037844792008462 23.121225765906274 30.253601649776101 8.7748008221387881 8.424966345541181 17.30490562599153 6.4946053847670546 11.245979141443966 14.905032617971299 12.883493304252623 13.976369134150451 14.886954184621571 6.1644170414656427 91.661222328431904 8.8532247990369779 12.470963685773311 11.3512408817187 8.3354864250868577 4.5059747155755785 12.530609438195823 10.5721098780632 9.4935073126107437 10.580806527286766 4.939297971315681 5.1245035510510197 8.6198472846299392 3.1549274902790776 12.685119681060312
leaf_count=114 488 70 44 243 101 27 122 120 31 35 81 20 93 48 27 417 25 49 104 24 14 61 83 53 47 37 48 55 22 25
internal_value=-0.00116937 0.00119919 0.011033 -0.00747481 0.000430722 0.0320497 0.00237818 0.0138013 0.0313579 -0.00654738 0.00597109 0.0412624 -0.0149592 0.00238903 0.0300452 0.0110716 0.00648108 0.0073155 -0.0268365 -0.0173929 0.00220974 -0.0139228 -0.0236711 -0.033928 -0.0250037 -0.0473526 -0.0372115 -0.0282408 -0.0290779 0.0497832
internal_weight=425.88 410.656 192.461 218.195 127.926 64.5347 144.606 68.454 36.7482 31.7058 134.425 52.9788 59.472 31.0628 40.0953 115.419 100.514 18.6354 73.5889 50.4677 25.3721 17.0366 16.1759 28.4092 19.0058 18.9157 25.0956 19.9711 20.4598 21.4599
internal_count=2728 2240 885 1355 667 218 806 309 132 177 692 148 358 175 128 523 442 76 549 306 99 75 127 183 169 130 207 159 142 52
is_linear=0
shrinkage=0.05


Tree=15
num_leaves=31
num_cat=0
split_feature=18 13 1 23 8 23 16 0 23 10 0 23 16 2 10 1 23 23 16 9 23 1 23 2 18 1 20 20 23 10
split_gain=33.7772 16.811 8.16404 7.76097 9.25656 5.72825 8.93711 7.6117 12.2458 9.4438 7.22582 9.52892 9.10942 6.29883 11.429 5.59869 5.46458 5.13536 4.89236 4.60681 4.53543 4.35285 5.53799 4.18207 4.45994 4.09999 6.21633 4.10796 3.68841 3.65968
threshold=8.5000000000000018 1.0000000180025095e-35 58.500000000000007 108.85000000000001 1.5000000000000002 109.55000000000001 11.500000000000002 1900.0000000000002 122.75000000000001 0.15007309941520466 1600.0000000000002 71.750000000000014 15.500000000000002 3.5000000000000004 0.25873937103522743 53.500000000000007 93.250000000000014 69.450000000000017 12.500000000000002 0.049515639589168957 125.45000000000002 57.500000000000007 106.65000000000002 3.5000000000000004 10.500000000000002 57.500000000000007 2022.5000000000002 2021.5000000000002 109.65000000000002 0.14511278195488717
decision_type=2 2 2 2 2 2 2 2 2 2 2 2 2 2 2 2 2 2 2 2 2 2 2 2 2 2 2 2 2 2
left_child=1 3 -3 -1 18 10 -7 -8 -9 -10 11 13 16 14 -2 -15 29 -17 19 -5 -11 22 -12 -24 -25 26 27 -6 -20 -13
right_child=5 2 -4 4 25 6 7 8 9 20 21 12 -14 15 -16 17 -18 -19 28 -21 -22 -23 23 24 -26 -27 -28 -29 -30 -31
leaf_value=-0.020334965367934013 -0.044866203572543728 -0.053831445379075617 0.076493115006699794 0.049215975082881794 -0.025691041172714951 -0.027912190718213648 0.039980219191628662 -0.043149271262657163 0.047901463872005098 0.025785037479607361 -0.070384122733969601 0.027621761685367549 0.074646632268320343 0.05418627392694312 0.029555389834910514 -0.021752171162832998 0.053898103975191437 0.026158992309947872 0.013343072814307433 -0.045721696460428694 -0.011251251137793152 0.026088149088308966 -0.027741925738649944 -0.031422313561369139 0.020590925629558113 0.037863970953176868 -0.052615795015954474 0.018070354219416451 0.062338272903845721 -0.01188806765034827
leaf_weight=65.499503350583836 15.400113154202701 31.737886447459459 1.2489804029464711 2.0304833464324501 10.27360931225121 8.8312327712774259 45.490365236997604 8.3771170992404205 21.178373070433736 14.899115201085804 4.2272096686065188 10.999474719166761 9.4929133132100088 6.9399211630225208 7.7574432576075187 10.920811241492631 8.2307025343179685 11.464000456966458 6.1307377815246609 3.447085028514266 18.567596405744553 7.1514043360948554 17.721424718853086 5.7924867123365429 14.285601965151725 3.7768230298534027 8.8615366555750388 11.218797260895371 10.285980292595921 12.546163125894962
leaf_count=633 82 730 1 13 145 39 117 47 49 50 47 37 16 16 22 55 16 41 24 34 69 19 120 32 48 19 53 70 30 52
internal_value=0.00127693 -0.0172415 -0.048897 -0.00864891 0.00501339 0.0122704 0.0204569 0.0243934 0.0131426 0.0217721 0.0055494 0.0136917 0.0316678 -0.000443703 -0.0199361 0.0149493 0.0188283 0.00278472 0.0303887 -0.0105292 0.00523701 -0.00997288 -0.0161091 -0.0100394 0.00558521 -0.0112644 -0.0173773 -0.00284808 0.0440413 0.00656917
internal_weight=414.785 154.511 32.9869 121.525 56.0251 260.273 117.344 108.513 63.0222 54.6451 142.93 93.7515 41.2693 52.4823 23.1576 29.3247 31.7763 22.3848 21.8943 5.47757 33.4667 49.1781 42.0267 37.7995 20.0781 34.1308 30.3539 21.4924 16.4167 23.5456
internal_count=2726 1752 731 1021 388 974 371 332 215 168 603 337 121 216 104 112 105 96 101 47 119 266 247 200 80 287 268 215 54 89
is_linear=0
shrinkage=0.05


Tree=16
num_leaves=31
num_cat=0
split_feature=18 13 1 10 23 16 8 11 11 16 23 0 23 10 19 1 11 11 19 8 1 11 23 23 1 9 23 19 1 9
split_gain=34.13 13.1885 6.73302 6.62606 6.85393 8.91997 8.62874 7.72188 4.85592 4.68998 6.34925 6.96808 14.1826 8.03081 6.6979 10.0003 7.60338 6.21685 6.05643 5.8533 5.3507 4.11507 4.0227 6.80111 3.97392 3.65119 3.34214 3.24541 3.01812 3.00312
threshold=8.5000000000000018 1.0000000180025095e-35 58.500000000000007 0.13263888888888889 108.95000000000002 12.500000000000002 1.5000000000000002 0.028219395866454656 0.071067821067821071 11.500000000000002 109.95000000000002 1900.0000000000002 122.75000000000001 0.14511278195488717 36.050000000000004 55.250000000000007 0.047338935574229656 0.043055555555555507 115.95000000000002 2.5000000000000004 57.500000000000007 0.06030303030303031 69.65000000000002 69.550000000000011 56.500000000000007 0.04016129032258061 70.750000000000014 34.350000000000001 57.500000000000007 0.03608470181503886
decision_type=2 2 2 2 2 2 2 2 2 2 2 2 2 2 2 2 2 2 2 2 2 2 2 2 2 2 2 2 2 2
left_child=1 3 22 -1 8 7 -7 -6 -5 18 14 -12 25 -14 15 -11 24 -15 -2 20 -18 -8 23 29 -16 -13 -21 -9 -10 -3
right_child=9 2 -4 4 5 6 21 27 28 10 11 12 13 17 16 -17 19 -19 -20 26 -22 -23 -24 -25 -26 -27 -28 -29 -30 -31
leaf_value=-0.041265139504999993 0.0077541511606166727 0.019507845784287305 0.074059033673578814 -0.0030097898467489068 0.040302673354719432 0.055978877508788397 -0.03985630057447595 -0.063386999176556727 -0.036673202786244571 -0.052939866362341464 0.04101951340765983 -0.0062223480638596111 0.048915554625553664 -0.020189506583673539 0.0029391193913697843 0.018144553947453509 -0.0011826958547438452 0.024349228023038932 -0.053016175231541812 0.010727911836923523 0.057056064731744252 0.014691087948848412 -0.059287891526226759 0.088342262269643965 -0.038156883914538919 -0.073730561017828974 0.046480204808373789 -0.0061583277448383558 0.027054430039596816 -0.066582041529824665
leaf_weight=14.571083130314944 13.295788127928974 1.4392788410186828 1.1294755935668934 30.021048098802567 3.5569253116846076 12.396857078187166 4.3592786397784975 7.4312366442754847 25.635790134780112 10.441458801273258 38.157905373722315 3.3356531579047424 19.496304828673601 12.055971585214136 40.380237276665866 9.4037028159946185 26.430285698268566 22.377728618681431 5.927809875458478 8.7560396604239923 4.635624721646308 16.715102994814515 24.577653777087107 1.2830029129981992 6.8855356425046912 5.0129862166941166 25.788959302008152 3.7161612287163734 2.0030616074800482 3.4202361572533846
leaf_count=149 57 21 1 258 23 40 39 87 274 76 100 18 45 43 185 48 129 80 27 30 9 106 612 2 33 29 65 34 11 95
internal_value=0.00147361 -0.0172223 -0.0458346 -0.00965383 -0.00530169 0.00861858 0.0228788 -0.0238417 -0.0169323 0.0127524 0.0147095 0.0241944 0.0138857 0.0232737 0.00753192 -0.0192563 0.0122416 0.00875527 -0.0109851 0.0232559 0.00750763 0.00340785 -0.0502427 -0.0140505 -0.00304762 -0.046758 0.0374182 -0.0443089 -0.0320547 -0.0410842
internal_weight=404.638 152.256 31.8496 120.407 105.835 48.1756 33.4712 14.7043 57.6599 252.382 233.158 100.437 62.2786 53.93 132.722 19.8452 112.877 34.4337 19.2236 65.6109 31.0659 21.0744 30.7202 6.14252 47.2658 8.34864 34.545 11.1474 27.6389 4.85951
internal_count=2726 1752 731 1021 872 329 185 144 543 974 890 315 215 168 575 124 451 123 84 233 138 145 730 118 218 47 95 121 285 116
is_linear=0
shrinkage=0.05


Tree=17
num_leaves=31
num_cat=0
split_feature=13 18 3 23 23 16 11 11 10 17 10 0 9 1 23 19 11 18 19 10 1 17 23 19 1 23 17 23 0 17
split_gain=23.2937 16.2928 10.8455 21.1195 7.99755 6.80198 6.01153 5.81256 8.85379 7.10087 6.2529 7.46841 5.02773 6.70998 5.01612 4.68316 4.59762 4.05856 3.97816 3.78557 3.88699 3.73484 5.14151 3.49291 2.96277 4.3271 3.92921 3.28923 3.22483 2.8404
threshold=0.70833333333333337 9.5000000000000018 1.0000000180025095e-35 109.45000000000002 164.35000000000005 12.500000000000002 0.026671408250355601 0.059411764705882351 0.13263888888888889 55.723958333333336 0.2069580731489741 2200.0000000000005 0.069187089061566009 54.500000000000007 112.65000000000002 63.050000000000004 0.16025641025641021 12.500000000000002 58.750000000000007 0.16374829001367988 53.500000000000007 58.494642857142871 60.150000000000013 161.70000000000002 55.250000000000007 161.35000000000005 58.850000000000001 71.550000000000011 1350.0000000000002 44.94583333333334
decision_type=2 2 2 2 2 2 2 2 2 2 2 2 2 2 2 2 2 2 2 2 2 2 2 2 2 2 2 2 2 2
left_child=1 2 3 16 24 6 -5 8 14 17 11 29 -11 -14 18 -12 21 19 -3 -9 -21 22 -1 -19 27 26 -26 -4 -29 -10
right_child=-2 7 4 5 -6 -7 -8 9 10 12 15 -13 13 -15 -16 -17 -18 23 -20 20 -22 -23 -24 -25 25 -27 -28 28 -30 -31
leaf_value=-0.0509217354982495 -0.062786172589052169 0.042234855185782107 -0.055364504511203387 0.067868102571440922 0.042493558298151303 0.057171496957629797 -0.039367345896617813 -0.028575538438577321 -0.02676148328471465 0.048375257919999692 -0.019327387558349507 -0.064853881288787094 -0.027032572283217149 0.042595420664758278 0.041269885944479306 0.04088331956086215 -0.054674683097760059 0.041944122892399585 -0.0026134331043881523 0.041042225382541757 -0.0024957610643846738 -0.036893230178777867 0.0048937291816283819 -0.0022202644842478818 0.010757386507889839 -0.058798371352553475 -0.039468009966531756 0.01638875738887095 -0.028685459382302804 0.00055757366237166762
leaf_weight=4.6317088436335316 13.892813909333197 6.4388550557196167 10.604406582191585 1.9478721246123338 4.780431702733039 19.340655896812677 3.9717383394017816 9.0569807309657318 13.932805862277744 29.055943677201867 4.7746764039620748 6.6791760437190524 6.1824555266648513 7.8580721523612738 18.755323035642505 9.9790653437376005 5.7080533467233172 13.569225210696461 21.306566312909126 6.9331081137061146 19.672828333452344 8.8606538884341699 37.783031898550689 6.681389018893241 16.536739794537432 3.8191601522266856 5.0933984722942105 4.3627420365810385 43.876298010814935 30.003658674657345
leaf_count=69 491 22 144 10 20 54 47 39 64 70 30 19 31 20 46 33 73 36 96 21 85 102 279 21 124 37 44 39 446 114
internal_value=0.00081144 0.00312321 -0.00833041 0.00476191 -0.0204189 0.0428173 -0.00408108 0.012428 0.00461859 0.0212518 -0.00724511 -0.0155941 0.0365037 0.0119362 0.0212962 0.0213976 -0.0121077 0.00949606 0.00779447 -0.000654927 0.00884959 -0.00736909 -0.00120134 0.0273727 -0.0239868 -0.00973287 -0.00106954 -0.0301515 -0.0246089 -0.00810564
internal_weight=396.09 382.197 171.317 82.2437 89.0732 25.2603 5.91961 210.88 111.87 99.01 65.3694 50.6156 43.0965 14.0405 46.5007 14.7537 56.9834 55.9135 27.7454 35.6629 26.6059 51.2754 42.4147 20.2506 84.2927 25.4493 21.6301 58.8434 48.239 43.9365
internal_count=2726 2235 1488 634 854 111 57 747 424 323 260 197 121 51 164 63 523 202 118 145 106 450 348 57 834 205 168 629 485 178
is_linear=0
shrinkage=0.05


Tree=18
num_leaves=31
num_cat=0
split_feature=18 13 3 23 23 10 10 23 19 19 15 19 10 7 17 11 10 19 1 20 17 23 19 17 1 11 11 11 1 23
split_gain=22.0983 15.9427 10.5224 13.8536 6.64833 6.47331 4.40898 7.75282 5.26264 5.84847 7.42301 5.1408 4.73887 3.98374 3.90072 3.88106 4.08188 4.24329 3.52917 2.98638 7.75578 4.27203 3.89431 3.22024 2.64471 2.31633 2.12085 3.7599 1.97078 1.73991
threshold=9.5000000000000018 1.0000000180025095e-35 1.0000000180025095e-35 109.65000000000002 164.55000000000004 0.33780760626398215 0.29128959276018102 70.750000000000014 194.90000000000003 88.050000000000011 1.5000000000000002 161.70000000000002 0.15894736842105264 2.5000000000000004 37.81785714285715 0.16025641025641021 0.16568627450980386 18.650000000000002 53.500000000000007 2022.5000000000002 35.459415584415588 70.15000000000002 115.95000000000002 22.963636363636368 55.250000000000007 0.034848484848484802 0.054093567251461951 0.10990338164251207 53.500000000000007 69.65000000000002
decision_type=2 2 2 2 2 2 2 2 2 2 2 2 2 2 2 2 2 2 2 2 2 2 2 2 2 2 2 2 2 2
left_child=1 2 3 15 29 6 7 11 9 14 -11 12 18 -8 -9 16 25 -18 -2 21 -21 -4 23 -23 28 -1 -5 -28 -10 -3
right_child=5 4 19 26 -6 -7 13 8 24 10 -12 -13 -14 -15 -16 -17 17 -19 -20 20 -22 22 -24 -25 -26 -27 27 -29 -30 -31
leaf_value=-0.0036440525199359928 0.050735421262764868 -0.022537461151539401 -0.059168102745239454 0.05790708544489586 0.062755330317870506 -0.038420715609747545 0.012237564950779961 0.0021730419140524168 0.023684505784441565 0.009660351584247804 -0.033965058332777222 -0.05019445117521526 -0.024916393836628716 0.068043622122112055 0.028830050466676041 -0.053556824065396413 -0.0073125515451528678 0.02953206787285409 -0.0042603891027289016 0.01266645285580973 -0.05081709803610221 -0.063684206948326993 -0.064077208930641047 3.0728840692518768e-05 0.0097093963993110308 -0.042240274776605274 -0.006681006282712296 0.051538683753137943 0.048650125905655317 -0.053842720861389019
leaf_weight=8.0579828992485982 5.5255788527429157 5.3955662418156924 4.1970782997086635 10.83243959117681 1.4103940101340402 6.0127762109041205 5.8927018344402295 19.551633137278259 13.337521928362547 37.252467481419444 13.208018884062765 6.6526821590960017 10.203579585999249 6.9929455481469631 46.037295660935342 3.842133908532559 17.645530342124406 14.02571491897106 6.1794034875929356 6.7793007530272034 16.571248184889555 2.0804196582175782 2.7676611887291065 42.395930059254169 10.563875108957289 7.5105569045990697 4.7946435604244453 6.5775672439485788 19.406781122088432 25.021297975676134
leaf_count=67 17 122 55 35 6 34 28 90 45 142 47 26 60 15 167 51 141 72 29 31 120 31 17 420 29 82 31 26 47 643
internal_value=0.00155152 -0.0112635 -0.004363 0.00910169 -0.0433687 0.0126991 0.0142298 0.0122897 0.0165892 0.0110384 -0.00175859 -0.0116994 -1.00646e-05 0.0425231 0.0208838 -0.005231 -0.00130054 0.00900421 0.0217015 -0.0175567 -0.0323861 -0.0108253 -0.00653059 -0.00294959 0.031463 -0.0222636 0.0420741 0.0269927 0.038481 -0.0482896
internal_weight=386.723 179.905 148.078 73.2866 31.8273 206.817 200.804 187.919 159.358 116.049 50.4605 28.5612 21.9086 12.8856 65.5889 51.0819 47.2398 31.6712 11.705 74.7916 23.3505 51.4411 47.244 44.4763 43.3082 15.5685 22.2047 11.3722 32.7443 30.4169
internal_count=2726 1950 1179 505 771 776 742 699 567 446 189 132 106 43 257 413 362 213 46 674 151 523 468 451 121 149 92 57 92 765
is_linear=0
shrinkage=0.05


Tree=19
num_leaves=31
num_cat=0
split_feature=13 19 3 16 1 16 19 17 0 1 17 4 19 17 9 17 16 10 19 19 13 16 10 10 17 10 17 9 10 19
split_gain=21.3074 13.0953 6.80941 7.71202 7.42934 4.70917 6.222 5.34904 3.91833 3.47518 3.45119 3.40399 3.51965 3.28181 3.23655 7.46964 4.79165 4.74888 3.46175 3.29982 3.12229 2.10311 2.74881 1.63155 1.14867 0.930829 0.980577 0.521308 0.451793 0.602909
threshold=0.70833333333333337 38.250000000000007 1.0000000180025095e-35 12.500000000000002 57.500000000000007 11.500000000000002 115.95000000000002 26.793831168831172 1350.0000000000002 51.500000000000007 32.850000000000016 1.5000000000000002 23.050000000000004 100.61785714285715 0.032291666666666656 72.532142857142873 14.500000000000002 0.12074829931972787 60.95000000000001 73.800000000000026 1.0000000180025095e-35 12.500000000000002 0.31123737373737376 0.15894736842105264 74.617857142857147 0.16987179487179482 35.361888111888113 0.13484848484848483 0.28708791208791212 11.450000000000001
decision_type=2 2 2 2 2 2 2 2 2 2 2 2 2 2 2 2 2 2 2 2 2 2 2 2 2 2 2 2 2 2
left_child=1 2 9 25 11 6 7 -3 -9 -1 -10 12 -5 14 15 17 18 -7 -16 -18 21 22 -11 -22 -23 26 -4 -25 -27 -30
right_child=-2 5 3 4 -6 13 -8 8 10 20 -12 -13 -14 -15 16 -17 19 -19 -20 -21 23 24 -24 27 -26 28 -28 -29 29 -31
leaf_value=-0.050723547178539045 -0.061473590866656803 -0.047569143794479664 -0.0044696499462264418 -0.023029942988974289 0.037644946621341005 0.035388014116245439 -0.052184775413645981 0.059336632227517873 0.027082105083524374 0.0048721630293651723 -0.029007616009914201 -0.069507523430459281 0.0028771721324987202 0.045037215799976264 -0.0081948755053783112 -0.041006164682029056 0.045017273110257189 -0.0025298127182016151 0.015892678682169176 0.017672490410411319 0.01169754480313832 0.012511410187108888 -0.042308122562396716 -0.053280166490726193 0.036315808219536873 -0.065934653579408295 -0.054314694407977086 -0.017199987037280009 -0.058907646888489429 -0.024314703017680569
leaf_weight=2.7899817228317252 12.765592597890643 3.7580488845706048 2.0771856168285008 33.070399917662144 7.4252017335966221 13.282220233231781 6.0377295706421128 4.3250805959105483 6.4757132697850448 17.295396112836901 4.7571156583726406 2.7765015810728064 21.720596369355917 8.7186338026076537 18.885354054160416 8.2695325501263124 21.435082834213972 21.827118016779423 70.965184055268764 22.733908444643021 1.9866779912263144 38.685574850998819 3.7579764155670992 3.289569138083607 5.8317744620144358 5.8684167931787652 1.8794293068349359 1.4391303001902995 3.338430936448276 2.0226937476545572
leaf_count=33 491 31 28 371 30 47 38 11 24 138 37 27 120 28 112 38 63 98 247 70 23 239 44 73 26 96 24 24 61 34
internal_value=0.00202806 0.00423853 -0.00678851 -0.0169212 -0.0094254 0.0123342 -0.00788152 0.00596667 0.0188984 0.00403283 0.00332805 -0.0154966 -0.0127597 0.0150881 0.0136162 0.00174534 0.0174585 0.0118149 0.0108298 0.0309428 0.00614623 0.00947175 -0.0035494 -0.026325 0.0156298 -0.049001 -0.0281465 -0.0422995 -0.0563489 -0.0458561
internal_weight=379.491 366.726 155.255 80.1789 64.9927 211.471 25.3537 19.316 15.5579 75.0761 11.2328 57.5675 54.791 186.117 177.398 43.3789 134.02 35.1093 89.8505 44.169 72.2861 65.5707 21.0534 6.71538 44.5173 15.1862 3.95661 4.7287 11.2295 5.36112
internal_count=2726 2235 1391 791 548 844 141 103 72 600 61 518 491 703 675 183 492 145 359 133 567 447 182 120 265 243 52 97 191 95
is_linear=0
shrinkage=0.05


Tree=20
num_leaves=31
num_cat=0
split_feature=13 23 16 23 23 7 23 23 11 23 2 7 16 23 9 17 17 11 2 9 17 2 9 11 15 10 9 23 9 20
split_gain=16.2113 6.38349 6.49639 4.13814 11.7209 7.81903 15.8242 8.11014 6.54449 7.269 6.42968 5.27039 4.88454 4.52431 5.48753 4.91516 2.68204 2.01997 2.93052 2.58398 1.56743 1.09364 0.81367 0.441987 0.410697 0.339009 0.191379 0.0718695 0.00390597 0.0134362
threshold=0.70833333333333337 59.95000000000001 10.500000000000002 108.75000000000001 103.10000000000001 1.5000000000000002 122.15000000000002 110.65000000000002 0.15139116202945987 92.250000000000014 3.5000000000000004 1.0000000180025095e-35 12.500000000000002 107.45000000000002 0.029513888888888853 42.87619047619048 27.427380952380954 0.04880952380952381 3.5000000000000004 0.041213921901527957 84.197500000000005 5.5000000000000009 0.14651229273870783 0.034848484848484802 1.5000000000000002 0.28708791208791212 0.048115079365079354 113.65000000000002 0.049515639589168957 2019.0000000000002
decision_type=2 2 2 2 2 2 2 2 2 2 2 2 2 2 2 2 2 2 2 2 2 2 2 2 2 2 2 2 2 2
left_child=1 25 16 4 8 6 20 10 9 -4 -7 -8 -9 15 -15 -6 23 18 19 -18 -5 24 -10 -3 -19 26 -1 -25 29 -2
right_child=28 2 3 5 13 7 11 12 22 -11 -12 -13 -14 14 -16 -17 17 21 -20 -21 -22 -23 -24 27 -26 -27 -28 -29 -30 -31
leaf_value=-0.052085322972117293 -0.052103177709769466 -0.033828044427452457 -0.00083282163054039331 -0.071552615966524208 -0.020472953986269381 -0.011250728348040131 -0.011305953159508711 0.0073323419926569688 0.069028030862322065 0.041908510023136336 0.031034750323876092 0.016750964543738877 0.04828705227473503 0.02682765147668037 -0.019669615046859452 -0.068316475262010817 -0.063965286714006461 -0.033052115030018474 0.048757043383953091 0.015248293533035249 -0.033004973888931352 0.005608386625359338 0.036133465619235028 -0.06534139900602827 -0.062793605827248508 -0.032374094482134984 -0.074300651291982447 -0.05290574486204988 -0.061033112457561239 -0.060983928604861383
leaf_weight=2.0136319962330158 0.57347112474963013 2.534277597442272 99.470248218625784 7.0841364338994008 14.798258152790369 24.653506148606539 26.418432711623609 10.048122032545505 3.5402753446251145 11.052973395213483 14.149097913876174 45.678780591115355 26.431385232135653 8.0520240850746614 29.939203413203359 8.4242223221808654 1.8200907148420791 4.3059620019048452 2.557878240942955 2.3701453171670437 4.2009817473590374 1.5941967964172361 4.0084560979157686 2.5794392954558134 1.5891128010116515 1.1999200885184107 1.8695459798909722 2.1140712071210146 9.1470134623814356 1.6552242217585442
leaf_count=39 43 28 554 60 129 146 156 53 8 36 47 206 73 43 218 116 27 51 9 22 27 10 36 38 36 20 23 30 369 58
internal_value=-0.00179766 3.67569e-05 0.000823653 0.00251779 -0.00268712 0.00839917 -0.0021475 0.0200807 0.00651798 0.00344156 0.00416838 0.00647013 0.0370063 -0.0204424 -0.00981478 -0.0378287 -0.025849 -0.0132562 0.00658445 -0.0191593 -0.0572029 -0.0311334 0.0515607 -0.0506545 -0.0410694 -0.055603 -0.0627808 -0.0597401 -0.0605758 -0.0586988
internal_weight=375.874 364.498 359.415 337.95 179.286 158.664 83.3823 75.2821 118.072 110.523 38.8026 72.0972 36.4795 61.2137 37.9912 23.2225 21.4652 14.2374 6.74811 4.19024 11.2851 7.48927 7.54873 7.22779 5.89507 5.0831 3.88318 4.69351 11.3757 2.2287
internal_count=2711 2241 2159 1908 1140 768 449 319 634 590 193 362 126 506 261 245 251 155 58 49 87 97 44 96 87 82 62 68 470 101
is_linear=0
shrinkage=0.05


Tree=21
num_leaves=31
num_cat=0
split_feature=13 19 19 9 9 15 8 11 0 19 17 20 19 17 17 19 19 19 11 19 11 20 11 17 19 18 19 13 19 17
split_gain=14.8746 9.02212 5.23513 5.03971 8.18643 6.37581 6.41047 5.92745 5.01006 4.96462 7.99696 7.27816 4.448 4.34114 5.28307 3.52487 3.36305 4.63613 10.3351 4.35856 3.21602 1.7071 1.65917 2.71964 2.37196 1.69206 1.65216 1.54329 1.42542 1.29075
threshold=0.70833333333333337 9.5500000000000025 2.0500000000000003 0.049515639589168957 0.056438791732909353 1.5000000000000002 3.5000000000000004 0.061862244897959155 2500.0000000000005 101.30000000000003 86.496666666666684 2021.5000000000002 157.85000000000002 90.317708333333357 35.257948717948729 219.15000000000003 69.450000000000003 26.250000000000004 0.086670838548185206 136.00000000000003 0.089572192513368967 2021.5000000000002 0.13188405797101446 33.704166666666673 5.9500000000000011 2.5000000000000004 19.850000000000005 0.29166666666666669 3.1500000000000008 36.632589285714296
decision_type=2 2 2 2 2 2 2 2 2 2 2 2 2 2 2 2 2 2 2 2 2 2 2 2 2 2 2 2 2 2
left_child=1 2 -1 7 16 13 15 8 9 10 -3 -11 29 14 -6 -7 17 26 -19 -18 -8 -10 25 -24 28 27 -5 -4 -25 -9
right_child=-2 3 22 4 5 6 20 12 21 11 -12 -13 -14 -15 -16 -17 19 18 -20 -21 -22 -23 23 24 -26 -27 -28 -29 -30 -31
leaf_value=0.039079667772648929 -0.059814892808686661 -0.0033495244847162892 -0.009158187508208647 0.019919708414977921 0.023614014988756114 -0.0084947752925805791 -0.06447218515294377 -0.026419100983193847 -0.020529485574786826 0.033234833189233481 -0.07858035750032373 -0.005815843939810765 0.013091087737132674 0.044799347693084399 -0.0034593856946811908 0.048200860191900126 0.052532478937932642 -0.039774914502850325 0.055970624048462571 0.014554939166413011 -0.019230442907370311 -0.074219163611323954 -0.066697167726729012 0.018856974220127106 0.031159117373289826 -0.046569666289952724 0.061494197502690688 -0.061057747780297156 -0.038818391427811988 -0.068820972070227707
leaf_weight=3.0948334466665974 10.722337562590836 74.207772744819522 7.3883239156566578 6.3823078777641076 25.707414651289582 11.968370560090987 7.5026145512238154 2.5271725393831712 3.1005610711872569 23.666351014748216 3.7089829854667178 24.06399030610919 3.112883608788251 7.299705119803547 60.253954457119107 3.5560114607214937 16.826209783554081 8.9176657367497665 4.1209745146334162 13.711201801896093 8.2446524528786522 2.8335631117224693 1.8901888420805324 1.5115474765188972 3.5186192952096462 14.767109644133596 3.8199324198067188 1.7768682390451429 3.677987446077168 6.1930098962038755
leaf_count=20 470 477 81 44 132 97 58 21 31 100 21 73 17 26 313 7 39 55 15 41 66 13 42 20 33 232 12 48 60 47
internal_value=-0.00178337 -5.18214e-05 -0.0232187 0.00265752 0.00826977 0.00122949 -0.0183081 -0.00432035 -0.00127204 0.000848256 -0.00693065 0.0135468 -0.0382169 0.00778069 0.00463712 0.00449191 0.0245727 0.0102402 -0.00951371 0.0354807 -0.0407854 -0.0461665 -0.0288022 -0.0123324 -0.000532061 -0.0360958 0.0354861 -0.01922 -0.0220194 -0.0565326
internal_weight=370.073 359.351 37.6255 321.725 178.311 124.533 31.2716 143.414 131.581 125.647 77.9168 47.7303 11.8331 93.2611 85.9614 15.5244 53.7783 23.2409 13.0386 30.5374 15.7473 5.93412 34.5306 10.5983 8.70815 23.9323 10.2022 9.16519 5.18953 8.72018
internal_count=2711 2241 536 1705 905 699 228 800 715 671 498 173 85 471 445 104 206 126 70 80 124 44 516 155 113 361 56 129 80 68
is_linear=0
shrinkage=0.05


Tree=22
num_leaves=31
num_cat=0
split_feature=19 1 10 19 16 19 16 19 17 10 0 19 10 17 18 11 2 23 0 23 10 1 9 1 20 3 23 6 17 23
split_gain=13.4113 5.58444 9.01723 5.66645 5.33272 5.7098 4.44865 3.84789 3.70909 4.15337 5.5409 3.06421 5.44671 4.77309 4.68697 3.03307 2.80085 2.69782 2.526 12.9005 9.18352 2.28174 2.24523 1.82373 1.79837 1.61873 1.86456 1.95359 1.58137 1.92336
threshold=9.5500000000000025 57.500000000000007 0.16987179487179482 67.15000000000002 15.500000000000002 1.9500000000000002 9.5000000000000018 73.15000000000002 29.6968253968254 0.20169491525423733 1600.0000000000002 157.85000000000002 0.15007309941520466 71.023660714285725 10.500000000000002 0.081666666666666665 2.5000000000000004 108.55000000000001 1750.0000000000002 110.85000000000001 0.14511278195488717 55.250000000000007 0.041213921901527957 52.500000000000007 2021.5000000000002 1.0000000180025095e-35 108.95000000000002 1.5000000000000002 58.494642857142871 107.25000000000001
decision_type=2 2 2 2 2 2 2 2 2 2 2 2 2 2 2 2 2 2 2 2 2 2 2 2 2 2 2 2 2 2
left_child=4 3 -3 6 25 -6 -2 -5 9 10 -8 14 13 -13 16 -4 -9 -11 19 -10 -20 23 -16 -7 -14 26 28 -28 29 -1
right_child=1 2 15 7 5 21 8 11 18 17 -12 12 24 -15 22 -17 -18 -19 20 -21 -22 -23 -24 -25 -26 -27 27 -29 -30 -31
leaf_value=-0.040378212324069296 -0.054103333137156463 -0.025614807574444756 0.013986480175655 0.037968631403984016 0.092623696868069857 0.008873378168971725 0.043316489860035716 -0.012997229859488663 -0.0107944928965907 0.0043409108739640746 -0.031449344691153132 0.011005222092428194 0.039918376653881461 -0.033733490519705381 0.002986622017313644 0.054342304869346471 0.031482384492507225 0.048235853806942022 0.016634212856112784 0.052621227896088044 -0.035347431224531579 0.026504518306154509 -0.018627828601658881 -0.063675669057451714 0.016828813039233344 -0.047651723079783152 0.037583949849263276 -0.03373370253216728 -0.068082727071142587 -0.00062992294026571109
leaf_weight=8.7749601185787522 4.7844861201010636 6.9513702839612987 7.1459130048751858 9.5200821291655284 1.6514933444559563 1.3800720325671139 3.4871615995653 4.8313792780973044 72.565128720831126 5.9963348973542443 8.5636173123493773 17.935392310842875 14.022719453088937 8.9301138240843994 19.83658416941762 13.362148239742963 13.233177400194107 8.4098026026040298 12.335157895460723 9.0159926265478116 27.304551753448322 2.3270979663357139 30.469467286020517 2.3265542171429843 21.156356111168861 15.752303951419888 2.098395559936761 1.7703679911792281 2.7700908384285858 4.6594986240379503
leaf_count=191 95 27 26 37 2 25 23 40 624 40 60 69 54 30 88 43 52 34 55 22 246 27 141 49 50 381 14 39 71 56
internal_value=-0.00150247 0.00204038 0.0235991 1.57764e-05 -0.0275467 0.0102466 -0.00665262 0.00728112 -0.0051153 0.0118462 -0.00981418 0.00504099 0.0130864 -0.00386596 -0.00226001 0.0402806 0.0195863 0.0299653 -0.00881722 -0.00378606 -0.0191717 -0.0123009 -0.0101049 -0.0366638 0.0260325 -0.035654 -0.026239 0.00494859 -0.0336848 -0.0265922
internal_weight=363.368 319.857 27.4594 292.398 43.5108 7.68522 152.462 139.935 147.678 26.4569 12.0508 130.415 62.0446 26.8655 68.3706 20.5081 18.0646 14.4061 121.221 81.5811 39.6397 6.03372 50.3061 3.70663 35.1791 35.8256 20.0733 3.86876 16.2045 13.4345
internal_count=2711 1856 96 1760 855 103 1199 561 1104 157 83 524 203 99 321 69 92 74 947 646 301 101 229 74 104 752 371 53 318 247
is_linear=0
shrinkage=0.05


Tree=23
num_leaves=31
num_cat=0
split_feature=13 19 11 17 9 9 15 11 19 1 19 1 11 11 19 1 0 20 17 17 16 5 13 0 19 5 19 0 6 1
split_gain=13.4363 6.62989 5.17479 5.05922 4.43099 5.02388 6.84309 4.20707 4.57665 7.08005 4.98429 3.92353 3.65837 3.54112 5.37874 3.52845 4.23546 3.39312 3.27225 6.08385 3.5787 3.12577 2.79194 2.23159 2.21663 3.28073 1.77003 1.07817 0.939442 0.857646
threshold=0.70833333333333337 10.950000000000001 0.15139116202945987 64.761538461538478 0.048115079365079354 0.066081498999454216 1.5000000000000002 0.071067821067821071 88.050000000000011 56.500000000000007 78.000000000000014 57.500000000000007 0.089572192513368967 0.073801742919389915 46.350000000000001 57.500000000000007 1900.0000000000002 2021.5000000000002 64.257589285714303 75.546428571428592 14.500000000000002 1.0000000180025095e-35 0.29166666666666669 1350.0000000000002 3.8500000000000001 1.0000000180025095e-35 6.0500000000000007 1750.0000000000002 1.5000000000000002 54.500000000000007
decision_type=2 2 2 2 2 2 2 2 2 2 2 2 2 2 2 2 2 2 2 2 2 2 2 2 2 2 2 2 2 2
left_child=1 2 24 21 7 13 15 8 10 17 11 -3 23 18 -15 16 -7 -10 20 -20 -6 26 -14 -8 25 -1 27 -4 29 -26
right_child=-2 4 3 -5 5 6 12 -9 9 -11 -12 -13 22 14 -16 -17 -18 -19 19 -21 -22 -23 -24 -25 28 -27 -28 -29 -30 -31
leaf_value=-0.053815422698533594 -0.05903877260066951 -0.012067852292699884 -0.046166597579898147 0.052716327527550871 0.0093910420390432309 0.010232162761649361 -0.012043432895885308 -0.048367075802181754 0.028237451314693598 -0.047610065735098579 -0.064342469039246272 0.032640106391214382 0.0054474797654624693 -0.0031944531746896081 0.056002309752631076 0.042110101419589104 -0.020597129107293125 0.0013846000886434209 -0.055139070469592211 0.013232433128534461 0.038991595023755349 -0.059405408580307843 -0.050189656380328233 -0.061979259220940955 -0.034717317416811132 0.028967662089153575 0.033594806177789892 0.014093112043299608 -0.045990251848868909 -0.0074213177319269689
leaf_weight=1.835645299404862 9.8833115049637836 54.210521087050438 1.7547705047763869 4.2959867483004919 39.389132297597826 54.489314427599311 3.2932914593257028 5.2840057648718348 22.652811823412776 5.1211123690009108 4.2053159922361365 5.3958002850413314 10.623454865068195 5.7101911995559957 11.69932879693806 6.6373259630054227 14.003917539492248 24.473893336951733 4.8904218785464755 9.7212470173835737 13.784242440015076 2.6088932622224092 2.862387351691722 6.9776578396558762 9.7747393748722953 3.4389771558344364 2.9692304264754057 1.2864845087751744 11.552278661634773 4.0784454266540715
leaf_count=39 470 406 37 22 208 283 22 48 101 30 24 18 58 35 24 20 81 69 28 31 41 42 46 60 146 28 28 18 203 45
internal_value=-0.00154846 7.95084e-05 -0.0181607 0.00838968 0.00268306 0.00757262 -9.42717e-05 -0.00473457 -0.00274805 0.0082248 -0.0117324 -0.00802071 -0.0234848 0.0164718 0.0365862 0.00730198 0.0039289 0.0142922 0.0113057 -0.00965102 0.0170645 -0.0137032 -0.00636157 -0.0459678 -0.0293376 0.000157945 0.0061342 -0.0206761 -0.0354614 -0.0266812
internal_weight=358.904 349.021 43.5955 12.9154 305.425 184.082 98.8873 121.343 116.059 52.2478 63.8116 59.6063 23.7568 85.1946 17.4095 75.1306 68.4932 47.1267 67.785 14.6117 53.1734 8.61938 13.4858 10.2709 30.6801 5.27462 6.01049 3.04126 25.4055 13.8532
internal_count=2711 2241 608 147 1633 937 570 696 648 200 448 424 186 367 59 384 364 170 308 59 249 125 104 82 461 67 83 55 394 191
is_linear=0
shrinkage=0.05


Tree=24
num_leaves=31
num_cat=0
split_feature=13 19 1 19 19 8 23 16 23 16 7 23 20 19 17 20 17 15 17 23 8 23 17 23 18 17 17 11 7 17
split_gain=12.4548 5.95568 4.55598 5.74747 4.95204 5.32999 10.6856 6.38068 6.37166 4.43318 3.49419 6.2515 3.57868 3.44235 3.01541 2.96438 4.09319 3.16359 2.6562 1.84532 1.7277 1.92954 1.65698 1.20516 0.978917 0.515547 0.910829 0.545162 0.368354 0.0583928
threshold=0.70833333333333337 9.2500000000000018 57.500000000000007 48.850000000000001 60.95000000000001 3.5000000000000004 110.55000000000001 12.500000000000002 91.15000000000002 15.500000000000002 1.0000000180025095e-35 124.05000000000001 2021.5000000000002 2.8500000000000001 77.622321428571453 2022.5000000000002 36.428125000000009 1.5000000000000002 62.832291666666677 107.85000000000001 2.5000000000000004 108.95000000000002 58.494642857142871 60.150000000000013 2.5000000000000004 42.954395604395614 44.094505494505491 0.025978407557354904 1.5000000000000002 53.22403846153847
decision_type=2 2 2 2 2 2 2 2 2 2 2 2 2 2 2 2 2 2 2 2 2 2 2 2 2 2 2 2 2 2
left_child=1 9 4 19 5 6 8 -8 -3 20 12 14 -6 -11 -12 17 -17 -7 24 -4 21 22 23 -1 -15 27 -27 -22 -28 -23
right_child=-2 2 3 -5 10 15 7 -9 -10 13 11 -13 -14 18 -16 16 -18 -19 -20 -21 25 29 -24 -25 -26 26 28 -29 -30 -31
leaf_value=-0.054145638335922668 -0.058414915602488793 0.012679935020336805 0.017956613237767868 -0.004082691784514118 0.0058243227208041115 -0.0034560678100241504 -0.013924557750525538 0.055518485432449062 -0.022704465041866777 0.079186819596760022 0.0084431698752137335 0.042423222273580807 -0.052759581367408992 0.049387946502863822 -0.014701054354415564 -5.9603712831991363e-05 -0.053596612359017373 -0.03435467828151785 -0.057526497385994128 0.05653520457082211 -0.018525968574226542 0.0087771451819858171 -0.06813939323473206 -0.011159798403483519 -0.0042336142213775614 0.0092463015518582051 -0.060972246977871805 -0.060514190527771718 -0.031513122976897491 0.021662492411029313
leaf_weight=2.0021689329296377 9.3387153751682472 21.520982030313462 4.6061276197433498 11.191755406558512 5.6758167780935747 34.990985875017941 4.4863615399226573 12.592730380594729 31.118475406896323 1.6698196157813061 110.1081791035831 12.59737182036042 4.8209704682230949 1.6077573737129571 16.135900419205427 5.3578275218606022 10.700629137456415 10.853602306917308 1.5725346524268387 9.47780191618949 0.91967439698055553 1.9032906708307558 2.0537055907770982 8.7846986064687353 1.808665635064244 1.0582896359264848 1.6662767897360025 4.8490222287364304 2.9217758309096098 1.6341436337679622
leaf_count=42 470 149 22 38 31 249 46 36 295 3 470 34 15 20 61 19 71 150 23 27 17 29 42 110 27 11 29 101 62 12
internal_value=-0.00144803 0.000113514 0.00233087 0.022664 0.000501669 -0.00656902 0.00291192 0.0372771 -0.008238 -0.0195962 0.00673353 0.00883647 -0.0210821 0.017047 0.00548499 -0.017247 -0.0357342 -0.0107712 -0.00375144 0.0439181 -0.0283753 -0.0179678 -0.0269756 -0.0191385 0.0210005 -0.0433076 -0.0325672 -0.0538202 -0.042212 0.0147296
internal_weight=350.026 340.687 306.236 25.2757 280.96 131.622 69.7185 17.0791 52.6395 34.4518 149.338 138.841 10.4968 6.65878 126.244 61.903 16.0585 45.8446 4.98896 14.0839 27.793 16.378 12.8406 10.7869 3.41642 11.415 5.64634 5.7687 4.58805 3.53743
internal_count=2711 2241 1713 87 1626 1015 526 82 444 528 611 565 46 73 531 489 90 399 70 49 455 235 194 152 47 220 102 118 91 41
is_linear=0
shrinkage=0.05


end of trees

feature_importances:
Column_23=121
Column_19=89
Column_17=82
Column_10=54
Column_11=51
Column_9=46
Column_1=45
Column_0=39
Column_16=39
Column_13=36
Column_2=31
Column_18=28
Column_20=27
Column_15=15
Column_8=13
Column_6=10
Column_7=9
Column_3=7
Column_4=3
Column_5=3
Column_14=1
Column_22=1

parameters:
[boosting: gbdt]
[objective: lambdarank]
[metric: ndcg]
[tree_learner: serial]
[device_type: cpu]
[data_sample_strategy: bagging]
[data: ]
[valid: ]
[num_iterations: 500]
[learning_rate: 0.05]
[num_leaves: 31]
[num_threads: 0]
[seed: 0]
[deterministic: 0]
[force_col_wise: 0]
[force_row_wise: 0]
[histogram_pool_size: -1]
[max_depth: 7]
[min_data_in_leaf: 20]
[min_sum_hessian_in_leaf: 0.001]
[bagging_fraction: 0.8]
[pos_bagging_fraction: 1]
[neg_bagging_fraction: 1]
[bagging_freq: 5]
[bagging_seed: 3]
[bagging_by_query: 0]
[feature_fraction: 0.8]
[feature_fraction_bynode: 1]
[feature_fraction_seed: 2]
[extra_trees: 0]
[extra_seed: 6]
[early_stopping_round: 0]
[early_stopping_min_delta: 0]
[first_metric_only: 0]
[max_delta_step: 0]
[lambda_l1: 0]
[lambda_l2: 0]
[linear_lambda: 0]
[min_gain_to_split: 0]
[drop_rate: 0.1]
[max_drop: 50]
[skip_drop: 0.5]
[xgboost_dart_mode: 0]
[uniform_drop: 0]
[drop_seed: 4]
[top_rate: 0.2]
[other_rate: 0.1]
[min_data_per_group: 100]
[max_cat_threshold: 32]
[cat_l2: 10]
[cat_smooth: 10]
[max_cat_to_onehot: 4]
[top_k: 20]
[monotone_constraints: ]
[monotone_constraints_method: basic]
[monotone_penalty: 0]
[feature_contri: ]
[forcedsplits_filename: ]
[refit_decay_rate: 0.9]
[cegb_tradeoff: 1]
[cegb_penalty_split: 0]
[cegb_penalty_feature_lazy: ]
[cegb_penalty_feature_coupled: ]
[path_smooth: 0]
[interaction_constraints: ]
[verbosity: -1]
[saved_feature_importance_type: 0]
[use_quantized_grad: 0]
[num_grad_quant_bins: 4]
[quant_train_renew_leaf: 0]
[stochastic_rounding: 1]
[linear_tree: 0]
[max_bin: 255]
[max_bin_by_feature: ]
[min_data_in_bin: 3]
[bin_construct_sample_cnt: 200000]
[data_random_seed: 1]
[is_enable_sparse: 1]
[enable_bundle: 1]
[use_missing: 1]
[zero_as_missing: 0]
[feature_pre_filter: 1]
[pre_partition: 0]
[two_round: 0]
[header: 0]
[label_column: ]
[weight_column: ]
[group_column: ]
[ignore_column: ]
[categorical_feature: ]
[forcedbins_filename: ]
[precise_float_parser: 0]
[parser_config_file: ]
[objective_seed: 5]
[num_class: 1]
[is_unbalance: 0]
[scale_pos_weight: 1]
[sigmoid: 1]
[boost_from_average: 1]
[reg_sqrt: 0]
[alpha: 0.9]
[fair_c: 1]
[poisson_max_delta_step: 0.7]
[tweedie_variance_power: 1.5]
[lambdarank_truncation_level: 30]
[lambdarank_norm: 1]
[label_gain: ]
[lambdarank_position_bias_regularization: 0]
[eval_at: 1,3,5]
[multi_error_top_k: 1]
[auc_mu_weights: ]
[num_machines: 1]
[local_listen_port: 12400]
[time_out: 120]
[machine_list_filename: ]
[machines: ]
[gpu_platform_id: -1]
[gpu_device_id: -1]
[gpu_use_dp: 0]
[num_gpu: 1]

end of parameters

pandas_categorical:null
